NAME : tsp_problem.405876.tour
COMMENT : Length = 405876
COMMENT : Found by LKH [Keld Helsgaun] Sat Mar 29 16:40:01 2025
TYPE : TOUR
DIMENSION : 116
TOUR_SECTION
1
57
70
31
106
73
18
72
80
102
55
27
84
20
45
85
41
95
6
81
71
8
108
89
13
88
64
60
43
97
113
28
79
14
114
115
67
109
96
5
42
56
9
10
44
25
58
15
46
93
19
51
91
76
7
69
34
63
23
40
48
29
83
116
112
78
38
17
103
53
2
47
36
16
50
4
105
68
24
49
30
98
75
35
11
66
110
21
90
99
26
107
39
61
100
32
65
111
87
86
77
59
3
94
101
74
12
92
37
82
62
52
33
54
22
104
-1
EOF
