NAME : tsp_problem.488883.tour
COMMENT : Length = 488883
COMMENT : Found by LKH [Keld Helsgaun] Sun Mar 30 20:00:41 2025
TYPE : TOUR
DIMENSION : 136
TOUR_SECTION
1
116
67
16
9
55
26
60
99
44
95
82
128
118
7
106
42
105
114
19
117
66
5
74
75
18
113
11
28
35
65
125
52
47
3
40
21
89
112
71
32
108
24
93
87
88
100
37
129
77
110
46
63
15
124
135
41
2
13
48
109
51
22
33
96
120
98
132
73
36
14
80
59
84
23
101
4
90
10
130
29
91
121
83
38
57
131
81
27
79
39
107
103
54
31
126
97
8
49
68
53
34
62
17
69
64
30
76
61
20
92
85
119
12
72
133
25
58
6
45
123
86
56
104
122
50
111
102
115
78
134
43
127
94
70
136
-1
EOF
