NAME : tsp_problem.481772.tour
COMMENT : Length = 481772
COMMENT : Found by LKH [Keld Helsgaun] Sat Mar 29 16:39:25 2025
TYPE : TOUR
DIMENSION : 130
TOUR_SECTION
1
35
23
60
2
24
66
127
88
62
129
83
74
17
13
36
130
43
20
44
32
93
15
103
87
39
71
126
42
79
53
81
125
7
102
47
10
121
18
76
22
113
95
78
49
45
34
4
55
82
19
8
101
6
25
117
128
9
120
30
64
108
100
65
29
69
27
80
38
115
12
89
90
70
5
46
106
109
37
91
114
123
14
124
51
112
84
21
56
111
73
118
85
33
57
98
96
54
61
59
119
97
52
58
116
50
77
67
75
72
86
31
16
40
3
105
11
92
99
104
63
110
68
26
122
94
28
41
48
107
-1
EOF
