NAME : tsp_problem.455219.tour
COMMENT : Length = 455219
COMMENT : Found by LKH [Keld Helsgaun] Sun Mar 30 20:00:39 2025
TYPE : TOUR
DIMENSION : 124
TOUR_SECTION
1
65
121
16
75
99
105
67
112
73
85
20
24
124
40
58
29
10
107
72
92
27
86
48
18
84
3
42
52
62
36
33
117
70
68
57
23
61
34
89
8
114
81
7
106
79
60
30
88
100
50
111
47
46
56
119
26
115
45
109
71
118
66
113
51
123
116
91
87
38
55
5
43
64
93
44
54
13
53
77
11
110
49
12
122
95
78
39
59
14
83
9
41
21
4
90
74
63
6
103
69
80
82
25
2
15
17
37
32
28
97
94
101
108
120
22
31
102
76
104
35
19
96
98
-1
EOF
