NAME : tsp_problem.447062.tour
COMMENT : Length = 447062
COMMENT : Found by LKH [Keld Helsgaun] Sat Mar 29 16:40:00 2025
TYPE : TOUR
DIMENSION : 134
TOUR_SECTION
1
4
85
101
5
61
43
19
87
3
52
33
116
100
44
105
60
95
63
46
133
128
48
49
23
62
14
9
26
45
93
98
13
92
34
32
42
113
67
112
69
122
88
134
89
77
127
18
82
129
94
68
59
27
50
40
119
25
102
107
8
84
109
17
55
11
31
70
131
37
6
29
104
74
47
35
126
2
24
58
56
124
114
80
54
7
123
10
73
79
125
51
20
118
106
36
71
83
39
121
96
132
15
90
21
12
75
78
117
130
91
86
108
66
22
120
30
64
57
38
97
16
103
65
110
53
41
111
76
99
28
81
115
72
-1
EOF
