NAME : tsp_problem.451901.tour
COMMENT : Length = 451901
COMMENT : Found by LKH [Keld Helsgaun] Fri Mar 28 17:49:24 2025
TYPE : TOUR
DIMENSION : 126
TOUR_SECTION
1
25
29
119
2
33
24
69
65
120
61
122
90
113
100
34
79
117
105
63
62
11
37
121
28
75
95
35
73
107
18
89
16
98
5
106
80
38
101
125
108
70
44
102
30
40
59
67
45
115
72
22
81
97
124
96
112
13
74
109
32
84
49
56
123
14
87
7
50
20
91
57
94
99
77
103
23
55
126
66
8
36
111
17
53
12
71
118
82
42
92
46
86
27
54
114
9
19
60
88
21
110
58
43
64
41
47
68
4
15
116
83
39
31
51
85
93
78
52
6
3
76
104
48
10
26
-1
EOF
