NAME : tsp_problem.450811.tour
COMMENT : Length = 450811
COMMENT : Found by LKH [Keld Helsgaun] Thu Apr  3 17:19:58 2025
TYPE : TOUR
DIMENSION : 142
TOUR_SECTION
1
50
45
105
54
101
63
8
51
116
52
89
66
49
92
111
37
40
127
118
62
67
26
55
21
3
78
71
84
22
121
74
43
133
48
31
65
87
103
91
110
79
35
113
125
94
56
59
119
90
68
135
6
41
96
122
42
58
102
29
61
120
129
130
95
76
132
5
123
10
124
23
126
16
33
99
139
4
69
117
17
138
104
112
137
88
38
53
98
14
77
30
100
12
81
47
11
73
70
27
140
97
34
142
80
134
75
114
131
64
44
46
24
28
18
32
108
136
25
128
2
36
19
60
83
85
20
109
93
86
9
15
107
72
141
39
57
7
82
106
13
115
-1
EOF
