NAME : tsp_problem.456496.tour
COMMENT : Length = 456496
COMMENT : Found by LKH [Keld Helsgaun] Thu Apr  3 17:20:03 2025
TYPE : TOUR
DIMENSION : 120
TOUR_SECTION
1
52
33
31
22
66
75
13
55
9
113
39
96
42
43
29
104
62
50
16
2
112
68
12
27
17
11
109
51
102
101
98
81
58
76
89
117
48
44
47
7
97
69
83
35
106
80
103
67
19
30
37
14
100
107
34
36
91
18
3
90
26
93
32
95
65
38
105
111
15
77
41
71
59
6
53
84
118
23
40
21
64
20
108
70
88
116
78
120
110
46
57
87
25
4
114
49
5
54
8
119
82
115
10
61
72
56
63
92
60
24
79
99
73
85
74
28
45
94
86
-1
EOF
