NAME : tsp_problem.494972.tour
COMMENT : Length = 494972
COMMENT : Found by LKH [Keld Helsgaun] Sat Mar 29 16:38:42 2025
TYPE : TOUR
DIMENSION : 134
TOUR_SECTION
1
6
28
29
72
31
36
117
76
49
86
18
89
11
3
59
87
88
60
119
40
132
67
90
108
95
63
58
96
45
24
101
94
61
51
81
16
26
15
109
64
131
121
42
55
62
85
106
8
7
102
74
77
14
66
112
57
80
4
69
34
129
78
83
105
100
10
52
113
73
25
110
99
12
22
92
46
71
17
125
107
39
70
41
30
19
118
68
128
13
82
115
133
32
5
103
104
37
127
44
84
98
53
2
111
20
124
23
43
114
56
134
130
54
116
75
38
97
122
21
93
120
27
91
48
65
126
79
47
50
33
9
35
123
-1
EOF
