NAME : tsp_problem.503948.tour
COMMENT : Length = 503948
COMMENT : Found by LKH [Keld Helsgaun] Thu Apr  3 17:20:00 2025
TYPE : TOUR
DIMENSION : 144
TOUR_SECTION
1
20
3
57
143
28
113
73
2
91
133
65
139
9
103
85
142
136
44
104
105
118
82
121
116
48
131
71
119
101
74
46
100
24
89
96
39
110
11
22
21
34
77
56
83
25
53
117
111
18
124
72
112
114
69
14
40
47
42
93
6
120
95
33
80
17
125
16
128
123
31
137
26
60
86
67
84
45
23
76
61
55
98
12
106
134
59
19
87
30
51
138
102
62
115
68
54
50
144
99
4
8
141
94
129
97
38
32
5
92
108
36
58
15
127
49
107
79
81
109
64
7
126
75
37
41
135
29
66
13
52
130
88
10
90
132
70
43
27
122
35
140
63
78
-1
EOF
