NAME : tsp_problem.434129.tour
COMMENT : Length = 434129
COMMENT : Found by LKH [Keld Helsgaun] Fri Mar 28 17:49:20 2025
TYPE : TOUR
DIMENSION : 110
TOUR_SECTION
1
80
55
4
81
70
88
7
59
43
104
27
51
105
84
57
103
44
86
87
83
50
110
11
108
92
52
96
71
16
30
32
98
37
82
107
49
94
64
29
28
23
93
5
22
24
101
90
58
95
2
68
25
42
65
18
8
79
100
99
20
38
12
67
61
54
40
36
102
97
26
15
34
47
60
76
21
53
9
33
6
41
19
46
106
31
109
14
75
48
10
3
63
45
69
17
73
78
77
74
13
35
39
89
66
72
91
62
56
85
-1
EOF
