NAME : tsp_problem.443362.tour
COMMENT : Length = 443362
COMMENT : Found by LKH [Keld Helsgaun] Sat Mar 29 16:39:41 2025
TYPE : TOUR
DIMENSION : 110
TOUR_SECTION
1
35
21
87
17
48
19
98
71
51
54
18
57
77
50
91
83
90
25
63
14
38
56
93
29
96
60
69
109
64
30
11
104
4
53
78
45
95
6
5
59
9
107
12
73
32
72
15
39
10
99
106
36
105
86
100
85
84
20
41
28
40
81
49
82
24
79
94
62
68
89
80
75
46
102
33
101
8
16
43
42
74
76
23
26
44
22
67
65
52
7
70
13
37
2
88
108
47
55
92
31
58
3
66
97
103
27
110
34
61
-1
EOF
