NAME : tsp_problem.464369.tour
COMMENT : Length = 464369
COMMENT : Found by LKH [Keld Helsgaun] Fri Mar 28 17:49:17 2025
TYPE : TOUR
DIMENSION : 142
TOUR_SECTION
1
80
5
62
91
129
92
110
136
134
58
27
2
85
88
77
4
114
41
22
138
53
96
66
90
11
13
128
17
55
126
54
7
89
10
65
34
23
117
39
70
123
102
52
103
83
79
119
87
116
109
71
140
81
122
36
101
76
30
46
56
106
45
60
38
29
69
98
68
44
31
16
64
113
142
37
21
137
84
130
67
43
97
19
99
125
15
127
57
139
108
20
18
42
40
100
49
107
121
9
59
95
73
94
133
14
25
50
26
3
8
75
63
61
115
12
35
33
47
32
51
82
93
118
6
78
74
141
104
24
86
48
72
120
124
112
132
135
105
111
28
131
-1
EOF
