NAME : tsp_problem.462903.tour
COMMENT : Length = 462903
COMMENT : Found by LKH [Keld Helsgaun] Sun Mar 30 20:00:48 2025
TYPE : TOUR
DIMENSION : 120
TOUR_SECTION
1
103
45
65
48
109
82
17
13
14
111
26
56
54
31
55
108
36
76
57
119
50
30
112
66
11
52
47
42
7
90
23
96
81
9
70
35
33
25
21
72
63
60
6
28
38
51
105
20
104
107
40
69
86
53
75
87
19
116
8
78
102
68
74
24
10
37
101
16
12
18
83
44
93
120
98
67
115
79
118
71
85
15
84
113
106
5
114
27
97
34
59
62
64
32
92
77
3
80
39
91
29
110
2
88
58
46
61
22
43
94
4
99
100
49
73
89
95
41
117
-1
EOF
