NAME : tsp_problem.508441.tour
COMMENT : Length = 508441
COMMENT : Found by LKH [Keld Helsgaun] Sun Mar 30 20:00:45 2025
TYPE : TOUR
DIMENSION : 134
TOUR_SECTION
1
51
83
10
52
93
21
48
116
56
74
97
81
9
22
94
36
106
100
117
72
125
39
14
68
71
62
119
114
113
3
84
44
89
80
96
26
33
120
67
77
50
38
79
103
29
129
122
42
17
99
64
95
34
59
65
19
127
16
124
23
86
20
130
2
43
55
82
8
58
70
92
105
11
63
35
6
69
78
101
115
107
73
98
4
132
131
123
110
40
45
18
108
104
109
28
87
24
27
66
54
91
61
121
31
85
133
15
53
126
25
112
57
118
7
46
75
88
128
32
37
134
41
49
60
5
76
30
111
47
12
90
13
102
-1
EOF
