NAME : tsp_problem.448981.tour
COMMENT : Length = 448981
COMMENT : Found by LKH [Keld Helsgaun] Sun Mar 30 20:00:38 2025
TYPE : TOUR
DIMENSION : 118
TOUR_SECTION
1
20
44
21
8
72
33
56
75
108
82
61
53
11
77
47
66
89
55
28
112
15
90
57
18
26
106
24
111
51
23
32
29
74
13
100
43
16
63
10
87
6
88
81
42
31
114
109
110
105
104
30
58
40
60
52
17
27
71
118
79
45
96
46
34
78
62
36
76
91
116
9
117
35
93
64
92
19
101
54
14
86
41
38
65
103
22
4
50
83
98
2
84
12
39
49
70
113
48
37
3
59
85
95
94
25
5
68
80
73
97
99
107
102
67
7
115
69
-1
EOF
