NAME : tsp_problem.496534.tour
COMMENT : Length = 496534
COMMENT : Found by LKH [Keld Helsgaun] Thu Apr  3 17:20:11 2025
TYPE : TOUR
DIMENSION : 130
TOUR_SECTION
1
3
76
64
90
61
17
54
127
14
84
40
44
13
97
46
121
72
120
47
53
123
109
87
108
101
37
39
15
94
55
122
30
27
128
31
48
10
116
88
59
118
70
2
92
56
60
18
33
49
85
29
96
110
67
57
34
38
78
50
51
89
119
93
124
16
129
28
98
9
66
103
73
75
107
25
95
115
26
65
71
4
106
5
21
86
68
6
8
80
36
11
23
41
99
35
111
69
113
100
63
45
114
58
125
102
62
79
126
43
24
32
74
22
20
81
117
7
52
12
130
83
112
104
19
77
91
42
82
105
-1
EOF
