NAME : tsp_problem.504917.tour
COMMENT : Length = 504917
COMMENT : Found by LKH [Keld Helsgaun] Sun Mar 30 20:00:38 2025
TYPE : TOUR
DIMENSION : 144
TOUR_SECTION
1
23
28
96
48
81
119
88
65
90
104
35
105
85
55
26
108
18
64
87
68
77
95
115
102
86
134
50
75
136
133
78
14
120
59
142
100
76
138
10
109
131
94
44
17
107
84
139
39
57
5
12
118
80
127
3
60
45
29
49
91
15
41
112
9
124
52
121
70
74
140
24
137
47
130
33
63
30
37
7
43
129
125
126
38
31
11
36
97
40
144
111
132
106
56
98
72
123
8
93
22
143
141
117
92
89
122
71
101
42
54
128
6
20
82
135
4
51
46
34
27
2
69
67
79
73
58
113
19
114
103
32
13
62
99
110
25
61
21
116
53
16
66
83
-1
EOF
