NAME : tsp_problem.445728.tour
COMMENT : Length = 445728
COMMENT : Found by LKH [Keld Helsgaun] Sat Mar 29 16:39:49 2025
TYPE : TOUR
DIMENSION : 112
TOUR_SECTION
1
63
30
71
50
8
65
32
25
36
86
45
46
61
47
83
42
44
52
109
26
24
31
19
55
21
78
66
59
15
35
97
110
2
22
96
74
41
87
81
88
82
68
20
105
98
69
62
58
64
106
90
54
37
51
95
72
11
91
12
48
38
23
14
3
43
102
70
112
75
5
99
13
85
80
101
76
89
39
104
93
18
73
107
16
60
7
17
29
28
92
84
56
4
40
53
111
108
34
79
103
10
100
27
77
94
6
49
9
33
57
67
-1
EOF
