NAME : tsp_problem.459902.tour
COMMENT : Length = 459902
COMMENT : Found by LKH [Keld Helsgaun] Sat Mar 29 16:39:48 2025
TYPE : TOUR
DIMENSION : 126
TOUR_SECTION
1
49
86
61
7
51
15
3
72
74
85
50
39
60
82
12
55
102
90
70
78
67
42
69
40
9
110
36
123
57
5
46
45
93
100
77
14
20
107
43
91
75
119
32
65
58
76
44
114
59
79
108
62
24
95
34
56
126
64
53
4
125
80
83
103
19
63
88
17
104
66
94
29
97
68
109
124
87
73
101
115
35
13
41
21
111
22
121
16
71
38
6
8
28
52
122
117
37
92
112
106
27
99
89
113
11
81
118
30
31
18
84
96
54
120
116
33
47
10
2
98
48
25
23
26
105
-1
EOF
