NAME : tsp_problem.479409.tour
COMMENT : Length = 479409
COMMENT : Found by LKH [Keld Helsgaun] Thu Apr  3 17:20:02 2025
TYPE : TOUR
DIMENSION : 116
TOUR_SECTION
1
20
76
107
51
116
96
50
56
45
39
70
40
108
99
111
43
11
31
105
35
100
18
73
41
102
34
54
3
86
92
114
22
72
85
69
101
110
44
63
46
115
53
4
88
59
62
29
97
21
6
12
77
91
9
49
80
83
106
25
27
103
47
98
42
93
87
30
60
81
58
26
37
55
5
24
23
78
94
79
7
113
38
112
19
33
82
14
95
84
28
2
13
75
74
57
32
52
67
16
48
68
65
17
36
104
64
8
10
15
90
109
61
66
71
89
-1
EOF
