NAME : tsp_problem.502759.tour
COMMENT : Length = 502759
COMMENT : Found by LKH [Keld Helsgaun] Thu Apr  3 17:19:59 2025
TYPE : TOUR
DIMENSION : 140
TOUR_SECTION
1
37
127
69
54
17
48
131
57
78
104
107
117
13
19
21
56
73
51
59
66
86
120
133
41
4
43
76
72
28
63
44
49
16
25
116
30
38
128
95
77
109
45
11
70
118
106
100
85
124
113
40
101
12
81
75
121
88
74
46
35
58
15
47
112
84
138
50
94
87
24
23
22
3
79
20
80
110
103
62
123
89
14
99
135
91
125
55
42
102
108
137
115
9
29
7
2
32
27
129
71
34
111
105
132
39
67
60
52
82
140
18
31
26
68
10
64
65
61
134
33
126
97
98
36
96
114
122
83
139
136
53
130
93
92
5
6
90
8
119
-1
EOF
