NAME : tsp_problem.469580.tour
COMMENT : Length = 469580
COMMENT : Found by LKH [Keld Helsgaun] Thu Apr  3 17:20:02 2025
TYPE : TOUR
DIMENSION : 138
TOUR_SECTION
1
66
39
134
91
60
90
109
93
119
115
12
84
14
49
79
37
35
47
127
104
20
76
16
29
52
92
51
9
54
38
99
43
4
10
102
97
123
113
67
122
114
15
42
80
129
131
82
75
22
106
23
64
46
65
135
56
26
32
18
69
110
58
85
48
83
73
116
34
41
59
77
13
132
21
72
112
87
31
100
8
30
6
118
57
62
101
24
61
44
63
55
126
103
133
94
28
27
111
107
98
36
95
121
130
128
3
74
137
78
124
88
53
71
19
125
17
33
45
70
105
136
2
40
96
86
117
68
5
89
138
7
50
81
108
11
25
120
-1
EOF
