NAME : tsp_problem.443582.tour
COMMENT : Length = 443582
COMMENT : Found by LKH [Keld Helsgaun] Fri Mar 28 17:49:13 2025
TYPE : TOUR
DIMENSION : 120
TOUR_SECTION
1
19
27
11
63
109
52
57
79
28
77
87
30
56
43
22
96
108
5
46
20
38
2
24
112
95
110
8
39
45
106
23
58
98
7
69
97
67
48
13
33
3
40
32
60
100
59
116
42
82
25
102
94
21
70
74
29
83
88
54
10
37
17
120
80
26
114
12
115
53
4
89
76
68
44
15
9
61
41
113
81
101
55
50
86
93
62
75
105
51
84
36
64
104
99
18
103
16
85
71
78
35
66
72
92
65
91
31
73
117
118
107
49
90
14
111
34
6
119
47
-1
EOF
