NAME : tsp_problem.429840.tour
COMMENT : Length = 429840
COMMENT : Found by LKH [Keld Helsgaun] Sun Mar 30 20:00:40 2025
TYPE : TOUR
DIMENSION : 112
TOUR_SECTION
1
34
61
68
59
7
82
57
43
93
41
104
67
91
85
37
33
79
105
3
110
10
23
52
81
22
15
30
103
50
45
26
13
29
99
5
2
65
54
78
6
86
98
42
94
21
53
31
72
35
74
77
51
70
14
96
102
107
40
92
109
63
60
56
17
95
89
25
75
28
58
11
38
106
9
55
100
39
24
111
48
97
62
16
27
8
108
101
71
4
88
36
76
46
44
87
83
19
20
47
80
64
12
73
112
18
32
84
69
66
90
49
-1
EOF
