NAME : tsp_problem.487017.tour
COMMENT : Length = 487017
COMMENT : Found by LKH [Keld Helsgaun] Sat Mar 29 16:38:56 2025
TYPE : TOUR
DIMENSION : 142
TOUR_SECTION
1
120
16
14
81
89
90
69
3
35
10
28
73
71
60
40
88
116
135
141
80
107
122
12
82
86
83
26
128
38
53
5
132
101
59
4
27
42
85
114
106
95
13
24
117
91
127
142
50
52
61
15
48
34
133
78
125
36
58
129
131
99
79
21
103
115
93
51
138
62
54
33
118
39
68
98
104
65
55
124
109
140
96
7
76
18
100
110
29
63
47
130
113
41
64
119
43
67
46
20
22
111
49
134
30
32
94
136
66
19
44
8
102
137
56
77
84
45
57
75
108
139
126
31
70
11
25
72
121
74
92
105
6
9
87
17
23
2
97
37
112
123
-1
EOF
