NAME : tsp_problem.478746.tour
COMMENT : Length = 478746
COMMENT : Found by LKH [Keld Helsgaun] Thu Apr  3 17:20:02 2025
TYPE : TOUR
DIMENSION : 134
TOUR_SECTION
1
22
43
52
125
91
36
100
37
78
120
117
40
74
51
104
113
89
41
6
24
59
46
2
45
102
56
90
122
97
94
133
95
57
35
7
42
108
77
44
128
96
25
110
82
17
129
62
124
14
23
32
92
27
103
115
121
28
105
134
15
13
3
131
30
63
10
132
5
60
79
114
101
38
64
58
130
112
85
19
106
72
34
9
93
107
86
8
127
4
11
73
116
123
87
20
12
88
75
18
26
109
39
55
126
47
71
76
50
84
83
111
29
80
70
31
54
99
67
33
119
118
49
68
81
66
16
65
21
61
53
69
48
98
-1
EOF
