NAME : tsp_problem.484391.tour
COMMENT : Length = 484391
COMMENT : Found by LKH [Keld Helsgaun] Thu Apr  3 17:20:08 2025
TYPE : TOUR
DIMENSION : 146
TOUR_SECTION
1
71
14
111
127
21
84
5
8
143
51
37
101
109
9
47
133
62
35
145
108
120
146
38
42
107
144
6
114
33
54
63
121
136
78
28
115
41
106
92
117
17
30
53
126
83
52
2
11
67
125
141
55
129
48
39
138
85
56
40
124
112
140
61
80
50
90
139
98
24
102
81
27
43
89
66
58
25
131
79
88
60
57
137
26
132
91
29
49
87
65
118
32
94
123
72
74
73
110
97
128
135
103
77
16
4
19
18
116
59
3
20
34
7
93
82
100
31
96
23
99
142
95
130
10
15
69
104
76
64
68
105
113
12
46
22
44
122
70
119
75
36
13
134
45
86
-1
EOF
