NAME : tsp_problem.476489.tour
COMMENT : Length = 476489
COMMENT : Found by LKH [Keld Helsgaun] Fri Mar 28 17:49:21 2025
TYPE : TOUR
DIMENSION : 146
TOUR_SECTION
1
19
132
110
124
91
111
119
93
81
120
75
112
121
125
142
35
37
44
88
26
99
48
63
39
137
15
126
84
33
82
11
51
78
106
66
46
117
102
94
79
53
47
4
135
13
50
20
85
40
80
116
96
49
69
54
21
86
73
72
32
129
105
115
68
134
7
57
146
87
18
89
41
23
104
17
118
123
107
130
6
76
65
59
122
45
64
109
52
10
95
113
27
103
2
16
55
67
128
30
127
77
36
9
56
92
28
34
14
114
140
31
101
70
43
136
61
141
38
97
58
143
108
133
62
83
60
29
98
25
22
139
42
90
12
5
138
8
74
145
24
131
3
144
71
100
-1
EOF
