NAME : tsp_problem.492214.tour
COMMENT : Length = 492214
COMMENT : Found by LKH [Keld Helsgaun] Fri Mar 28 17:49:18 2025
TYPE : TOUR
DIMENSION : 148
TOUR_SECTION
1
47
131
106
28
23
14
61
96
138
74
73
66
71
34
72
99
100
27
53
6
79
48
82
29
126
65
95
146
33
52
70
4
130
13
112
57
36
38
81
11
143
136
123
17
56
90
15
24
124
139
26
59
80
114
127
125
141
135
78
94
85
64
113
86
109
43
69
91
103
18
137
107
115
101
89
16
20
142
67
40
54
41
108
97
46
84
76
3
120
22
134
60
8
25
98
51
147
10
9
119
44
140
145
122
7
31
37
77
111
55
105
121
30
5
58
133
104
21
144
42
49
50
132
35
19
88
68
32
116
83
45
102
92
63
129
62
110
75
12
117
93
87
39
2
128
118
148
-1
EOF
