NAME : tsp_problem.503557.tour
COMMENT : Length = 503557
COMMENT : Found by LKH [Keld Helsgaun] Sun Mar 30 20:00:38 2025
TYPE : TOUR
DIMENSION : 148
TOUR_SECTION
1
8
28
15
65
13
9
46
11
71
76
107
113
18
38
122
143
129
146
55
109
47
116
37
58
121
80
17
74
144
141
21
98
42
135
102
127
91
2
126
119
92
75
20
103
85
24
60
110
124
53
61
100
62
69
108
131
101
133
83
14
111
105
86
73
32
57
7
97
130
137
77
142
118
81
145
63
78
95
10
117
114
70
40
39
56
25
19
64
49
50
26
79
125
52
68
6
104
12
29
84
45
132
147
99
30
128
82
31
67
51
148
136
59
90
140
41
88
43
5
112
115
138
54
106
120
96
89
3
66
48
123
4
27
16
94
72
93
139
33
34
44
36
87
35
134
22
23
-1
EOF
