NAME : tsp_problem.440876.tour
COMMENT : Length = 440876
COMMENT : Found by LKH [Keld Helsgaun] Thu Apr  3 17:20:13 2025
TYPE : TOUR
DIMENSION : 110
TOUR_SECTION
1
8
90
20
106
31
72
54
40
47
73
109
4
79
102
13
56
48
98
64
91
58
97
5
45
19
22
94
39
6
88
36
100
49
66
43
15
27
46
14
71
60
107
76
3
53
32
80
30
65
59
84
11
44
104
77
51
61
85
93
34
63
89
12
10
92
28
29
26
81
9
41
55
17
35
101
86
95
108
70
33
99
87
74
38
75
7
21
25
69
52
37
50
110
23
16
18
42
67
62
105
96
57
103
24
2
82
78
68
83
-1
EOF
