NAME : tsp_problem.499642.tour
COMMENT : Length = 499642
COMMENT : Found by LKH [Keld Helsgaun] Sun Mar 30 20:00:48 2025
TYPE : TOUR
DIMENSION : 138
TOUR_SECTION
1
13
132
24
114
18
16
55
60
45
68
118
115
42
26
23
76
124
57
4
127
36
111
30
70
40
69
95
6
103
58
21
94
82
136
54
2
32
84
75
72
50
121
52
31
137
64
28
12
107
67
20
48
43
33
14
105
71
112
53
29
25
5
8
56
133
59
138
9
46
123
89
113
92
116
17
47
61
117
3
98
63
49
77
120
86
74
44
87
110
51
66
91
37
126
7
34
93
11
88
97
22
101
79
85
27
19
109
73
38
125
128
135
10
78
129
90
102
65
130
119
80
62
106
81
83
131
99
134
35
96
100
39
15
122
108
41
104
-1
EOF
