NAME : tsp_problem.463506.tour
COMMENT : Length = 463506
COMMENT : Found by LKH [Keld Helsgaun] Fri Mar 28 17:49:18 2025
TYPE : TOUR
DIMENSION : 144
TOUR_SECTION
1
3
130
114
123
142
94
89
22
126
116
63
29
53
26
15
28
58
97
40
117
101
49
64
59
113
143
56
71
9
39
136
62
110
57
129
95
34
93
51
69
74
131
76
134
144
43
45
37
108
6
60
55
127
79
35
70
46
52
128
44
137
107
16
118
67
32
7
68
31
73
17
23
11
141
124
25
4
120
8
122
125
42
18
135
104
111
24
82
115
139
20
19
48
21
121
72
84
27
87
140
105
98
90
83
10
133
102
86
50
96
66
33
109
92
106
88
81
36
65
75
85
77
78
2
47
99
112
38
91
100
5
119
103
132
61
138
14
30
54
80
12
13
41
-1
EOF
