NAME : tsp_problem.471775.tour
COMMENT : Length = 471775
COMMENT : Found by LKH [Keld Helsgaun] Sat Mar 29 16:39:32 2025
TYPE : TOUR
DIMENSION : 142
TOUR_SECTION
1
54
82
139
95
103
93
62
60
137
55
37
111
77
84
33
39
138
113
28
21
105
40
11
80
49
48
123
130
61
58
134
31
108
102
97
71
107
76
36
74
112
8
3
27
104
94
10
52
41
110
73
106
91
43
53
109
70
65
127
126
51
98
63
59
135
119
129
4
140
16
132
67
69
44
22
118
125
120
86
116
121
81
13
20
68
88
136
38
15
50
7
85
12
64
142
56
26
30
128
117
83
19
89
42
72
34
78
47
66
96
18
45
133
87
9
57
79
35
131
101
115
25
17
114
75
29
124
14
6
141
92
2
32
46
5
90
23
122
100
24
99
-1
EOF
