NAME : tsp_problem.463561.tour
COMMENT : Length = 463561
COMMENT : Found by LKH [Keld Helsgaun] Sat Mar 29 16:39:30 2025
TYPE : TOUR
DIMENSION : 126
TOUR_SECTION
1
46
48
53
11
67
32
62
35
63
31
26
124
7
121
111
123
72
116
33
5
126
45
103
79
44
38
50
60
77
105
29
78
30
86
88
66
47
125
108
24
94
100
16
42
102
10
28
43
109
117
40
12
87
110
118
61
36
75
49
65
91
14
85
101
27
89
4
99
57
20
69
21
96
19
113
8
84
13
119
54
112
9
120
97
90
71
104
64
122
83
37
76
55
107
17
6
39
22
106
18
95
93
15
3
2
114
80
23
82
25
52
92
81
98
34
70
51
74
58
68
41
115
73
56
59
-1
EOF
