NAME : tsp_problem.505618.tour
COMMENT : Length = 505618
COMMENT : Found by LKH [Keld Helsgaun] Sat Mar 29 16:39:03 2025
TYPE : TOUR
DIMENSION : 128
TOUR_SECTION
1
37
28
24
124
39
90
109
55
125
128
5
45
120
15
33
54
65
41
115
96
9
87
59
85
64
51
123
103
110
66
107
27
68
11
26
3
23
58
95
116
78
53
99
92
63
82
40
38
50
118
119
20
121
57
94
74
117
108
114
67
4
113
105
81
79
32
77
97
36
76
106
86
126
111
7
83
69
102
6
14
30
12
2
17
70
44
71
21
34
46
61
31
62
47
100
42
19
104
72
88
22
84
93
49
112
25
18
43
8
127
16
98
73
29
48
56
35
80
10
52
89
91
122
75
13
60
101
-1
EOF
