NAME : tsp_problem.456224.tour
COMMENT : Length = 456224
COMMENT : Found by LKH [Keld Helsgaun] Fri Mar 28 17:49:16 2025
TYPE : TOUR
DIMENSION : 128
TOUR_SECTION
1
4
66
89
45
81
10
72
90
56
2
83
114
88
46
100
59
108
18
84
112
57
47
118
123
65
55
107
122
93
69
32
7
127
76
68
86
99
73
96
62
119
25
21
70
80
116
16
124
34
51
37
28
42
125
33
64
19
30
97
50
9
61
91
11
94
20
49
43
78
109
8
87
120
44
105
54
121
115
75
5
29
40
17
38
48
102
74
60
35
79
128
24
15
95
31
23
106
67
63
111
41
71
53
27
82
14
117
13
39
77
98
92
113
22
101
110
85
12
104
26
6
3
126
58
103
52
36
-1
EOF
