NAME : tsp_problem.476785.tour
COMMENT : Length = 476785
COMMENT : Found by LKH [Keld Helsgaun] Fri Mar 28 17:49:26 2025
TYPE : TOUR
DIMENSION : 130
TOUR_SECTION
1
59
121
102
25
64
75
3
80
52
66
105
115
123
16
119
83
98
82
97
19
120
76
15
37
63
53
2
4
40
23
71
112
129
5
111
42
30
96
60
84
55
110
127
11
116
106
17
39
50
128
108
91
94
45
81
124
89
70
9
74
87
61
13
47
14
6
100
36
68
35
57
109
69
26
44
7
10
18
38
101
62
122
85
103
20
99
34
28
90
33
86
27
93
118
56
46
104
12
92
51
113
58
95
43
54
29
125
126
49
114
65
79
24
32
8
48
22
72
117
107
130
73
21
41
67
31
88
77
78
-1
EOF
