NAME : tsp_problem.470118.tour
COMMENT : Length = 470118
COMMENT : Found by LKH [Keld Helsgaun] Fri Mar 28 17:49:17 2025
TYPE : TOUR
DIMENSION : 148
TOUR_SECTION
1
86
144
59
92
13
96
51
62
128
89
27
125
122
138
131
116
68
5
53
115
94
32
18
112
16
10
6
106
43
61
44
118
141
46
17
129
98
50
97
120
15
100
102
12
99
91
9
36
39
8
55
65
142
103
63
45
69
81
130
71
37
52
11
78
108
48
7
41
29
26
56
121
93
19
133
84
22
134
90
66
58
82
85
80
109
33
139
38
77
124
34
83
25
35
137
20
79
64
132
30
104
28
70
147
119
54
2
74
76
31
4
57
127
75
110
105
126
60
87
47
72
123
3
117
49
143
21
73
114
146
148
135
42
145
95
67
24
140
40
111
14
23
136
88
101
113
107
-1
EOF
