NAME : tsp_problem.461110.tour
COMMENT : Length = 461110
COMMENT : Found by LKH [Keld Helsgaun] Fri Mar 28 17:49:22 2025
TYPE : TOUR
DIMENSION : 130
TOUR_SECTION
1
93
108
55
84
83
6
116
76
99
75
130
103
8
79
97
126
50
128
14
46
107
77
13
3
81
35
10
82
21
71
31
12
61
7
92
120
54
20
37
26
29
60
86
111
17
66
52
36
74
122
4
57
112
44
102
56
43
85
114
101
16
11
22
48
23
118
40
127
19
100
113
87
105
115
18
91
64
106
28
33
59
90
65
117
39
109
41
68
121
78
25
94
73
119
123
49
9
98
5
125
67
45
129
96
32
80
24
72
89
47
2
15
104
30
53
58
95
27
38
69
62
88
42
34
70
110
51
63
124
-1
EOF
