NAME : tsp_problem.461550.tour
COMMENT : Length = 461550
COMMENT : Found by LKH [Keld Helsgaun] Thu Apr  3 17:20:10 2025
TYPE : TOUR
DIMENSION : 140
TOUR_SECTION
1
97
104
52
79
131
15
35
136
37
17
41
53
46
109
125
40
60
65
6
75
120
16
72
132
93
11
32
107
2
115
24
57
122
56
83
112
38
9
50
4
128
51
42
87
84
129
61
140
45
119
101
89
48
8
12
30
34
114
81
66
29
18
137
68
73
22
67
77
134
59
124
139
111
71
14
118
23
26
70
78
54
82
44
135
13
88
19
106
31
85
43
94
80
110
103
127
116
90
39
99
36
3
138
86
117
121
113
28
27
96
63
95
55
74
58
130
47
5
126
133
10
69
7
49
64
100
62
92
123
21
33
105
25
76
102
98
91
20
108
-1
EOF
