NAME : tsp_problem.441827.tour
COMMENT : Length = 441827
COMMENT : Found by LKH [Keld Helsgaun] Fri Mar 28 17:49:16 2025
TYPE : TOUR
DIMENSION : 112
TOUR_SECTION
1
59
76
98
31
27
42
21
66
61
96
78
24
47
55
50
107
28
6
35
106
15
18
43
23
89
3
48
22
5
39
32
65
40
108
71
4
75
51
13
64
103
112
109
93
102
111
70
16
20
79
57
92
85
68
10
73
104
7
49
44
46
26
88
34
53
90
19
56
91
30
83
84
8
94
41
72
80
36
97
74
100
67
60
2
12
17
63
62
101
33
14
54
45
81
38
29
110
87
99
9
52
25
86
105
11
37
69
58
82
77
95
-1
EOF
