NAME : tsp_problem.486717.tour
COMMENT : Length = 486717
COMMENT : Found by LKH [Keld Helsgaun] Sun Mar 30 20:00:47 2025
TYPE : TOUR
DIMENSION : 126
TOUR_SECTION
1
18
41
49
37
71
73
113
2
12
20
119
55
21
24
43
110
104
53
7
42
85
29
75
92
65
11
33
3
109
86
89
102
32
101
125
107
88
90
123
22
69
23
122
117
120
121
16
108
111
35
80
15
97
81
87
34
60
93
124
9
103
6
38
62
57
10
91
51
5
54
114
39
4
105
19
66
31
59
82
67
27
76
45
48
61
94
70
100
106
14
95
36
58
99
52
74
98
115
13
83
77
64
116
8
72
30
63
47
28
112
68
79
78
44
26
50
40
56
25
84
126
96
118
17
46
-1
EOF
