NAME : tsp_problem.485972.tour
COMMENT : Length = 485972
COMMENT : Found by LKH [Keld Helsgaun] Thu Apr  3 17:20:12 2025
TYPE : TOUR
DIMENSION : 136
TOUR_SECTION
1
66
106
7
136
112
4
88
38
123
56
115
68
18
6
63
125
117
3
28
98
90
122
93
15
71
134
43
87
111
132
48
62
47
119
57
31
21
45
14
12
76
103
11
8
50
127
80
104
92
120
34
40
118
74
108
67
79
114
53
110
5
129
86
69
10
61
60
65
41
33
58
70
121
95
16
78
107
109
85
46
49
113
126
39
75
83
124
73
89
97
27
22
72
84
26
44
37
19
17
42
135
13
96
130
81
100
29
99
82
59
54
9
30
102
52
20
91
101
24
77
35
2
23
94
131
36
25
64
51
105
55
116
32
128
133
-1
EOF
