NAME : tsp_problem.456326.tour
COMMENT : Length = 456326
COMMENT : Found by LKH [Keld Helsgaun] Fri Mar 28 17:49:19 2025
TYPE : TOUR
DIMENSION : 126
TOUR_SECTION
1
83
124
79
101
11
119
22
72
115
21
26
91
95
54
104
37
71
34
12
43
27
122
5
102
17
19
112
20
68
15
87
45
44
85
109
110
57
23
3
77
42
50
113
84
123
108
94
107
2
29
24
41
116
35
92
96
61
9
99
18
88
52
105
32
49
40
86
67
106
31
25
78
55
4
6
118
13
62
74
56
114
69
7
80
82
93
33
81
39
126
30
117
63
46
8
100
64
97
36
103
73
111
89
16
121
47
10
59
51
58
125
98
70
66
48
65
53
120
75
28
38
14
60
76
90
-1
EOF
