NAME : tsp_problem.425861.tour
COMMENT : Length = 425861
COMMENT : Found by LKH [Keld Helsgaun] Fri Mar 28 17:49:21 2025
TYPE : TOUR
DIMENSION : 124
TOUR_SECTION
1
8
54
27
28
47
20
9
21
109
90
26
41
96
16
17
106
85
95
93
35
31
15
122
25
98
105
88
70
101
86
82
92
42
34
75
13
62
55
52
30
99
84
97
120
38
112
83
91
63
69
117
78
79
119
67
50
29
68
24
81
61
43
100
14
80
59
114
73
33
110
102
76
10
123
39
23
2
44
11
53
57
46
48
103
40
18
45
89
32
3
36
66
51
4
49
6
7
113
74
58
116
77
94
71
121
87
37
115
64
107
104
12
56
124
118
19
22
65
5
72
111
108
60
-1
EOF
