NAME : tsp_problem.448361.tour
COMMENT : Length = 448361
COMMENT : Found by LKH [Keld Helsgaun] Fri Mar 28 17:49:20 2025
TYPE : TOUR
DIMENSION : 118
TOUR_SECTION
1
14
6
32
99
110
79
113
69
44
8
22
83
20
33
93
70
71
30
108
102
94
73
28
63
12
47
75
26
81
53
62
43
24
15
51
25
98
23
29
65
105
111
104
42
36
54
21
67
49
64
35
56
46
115
91
45
57
107
114
13
17
4
109
96
84
117
11
68
27
92
58
85
89
72
55
118
3
38
16
59
31
116
48
82
86
60
87
78
2
112
19
103
101
88
66
80
37
10
50
76
40
95
52
74
39
106
100
34
77
61
18
9
5
41
7
90
97
-1
EOF
