NAME : tsp_problem.450497.tour
COMMENT : Length = 450497
COMMENT : Found by LKH [Keld Helsgaun] Thu Apr  3 17:20:03 2025
TYPE : TOUR
DIMENSION : 114
TOUR_SECTION
1
19
11
5
109
89
81
78
51
87
53
84
108
26
71
57
44
74
56
86
9
35
24
60
3
64
97
85
42
59
40
49
102
30
10
93
94
70
88
16
68
37
58
96
6
105
63
77
33
104
75
2
72
28
65
67
98
92
80
113
22
107
111
21
17
39
103
7
38
55
4
12
18
34
54
66
99
73
114
14
82
27
29
13
95
23
41
32
50
62
52
31
45
76
61
79
110
48
25
100
69
83
101
8
43
112
47
46
36
90
20
15
106
91
-1
EOF
