NAME : tsp_problem.448805.tour
COMMENT : Length = 448805
COMMENT : Found by LKH [Keld Helsgaun] Thu Apr  3 17:20:09 2025
TYPE : TOUR
DIMENSION : 130
TOUR_SECTION
1
64
85
130
87
114
67
49
84
34
65
91
44
20
31
82
21
73
3
105
23
80
100
4
42
36
35
101
54
25
88
111
22
81
11
120
60
51
113
106
47
57
97
50
122
75
27
30
92
79
12
55
74
71
123
119
128
72
112
38
108
5
62
40
53
95
93
43
48
13
98
117
109
110
58
61
129
28
78
70
115
76
7
89
127
63
66
59
103
124
83
69
14
41
16
8
94
6
46
126
15
17
32
2
96
52
99
10
77
125
39
33
45
104
26
107
102
9
19
90
37
18
29
24
121
118
116
56
68
86
-1
EOF
