NAME : tsp_problem.424084.tour
COMMENT : Length = 424084
COMMENT : Found by LKH [Keld Helsgaun] Thu Apr  3 17:20:04 2025
TYPE : TOUR
DIMENSION : 114
TOUR_SECTION
1
73
24
54
25
47
71
98
80
13
44
109
10
45
94
87
86
65
60
40
17
5
88
32
49
27
93
9
113
52
103
75
100
104
33
15
38
81
50
14
62
67
106
3
99
34
97
107
112
76
90
72
6
11
28
12
79
23
35
110
22
101
91
85
57
42
69
18
114
78
96
43
105
89
30
59
31
108
51
29
48
64
84
66
56
20
2
36
21
37
55
16
7
41
19
39
26
83
46
8
4
58
70
102
74
61
77
95
68
92
53
63
82
111
-1
EOF
