NAME : tsp_problem.469764.tour
COMMENT : Length = 469764
COMMENT : Found by LKH [Keld Helsgaun] Thu Apr  3 17:20:07 2025
TYPE : TOUR
DIMENSION : 146
TOUR_SECTION
1
89
144
76
139
71
101
44
140
59
12
133
61
84
8
107
26
57
85
62
15
129
141
135
131
112
52
117
55
92
34
54
23
50
102
124
104
142
108
47
46
109
80
143
146
4
120
63
21
77
74
16
70
81
87
65
40
45
43
58
24
136
111
138
106
99
51
75
97
68
13
9
130
41
39
11
88
7
31
122
128
72
19
30
90
86
114
145
93
94
53
29
100
10
96
27
119
36
98
64
110
48
56
125
73
115
82
127
121
113
37
95
2
137
105
35
118
91
17
134
25
6
103
5
49
18
66
60
14
79
67
42
116
20
83
126
38
3
22
69
123
32
33
78
28
132
-1
EOF
