NAME : tsp_problem.482470.tour
COMMENT : Length = 482470
COMMENT : Found by LKH [Keld Helsgaun] Fri Mar 28 17:49:13 2025
TYPE : TOUR
DIMENSION : 124
TOUR_SECTION
1
10
38
74
61
94
123
15
39
119
58
88
23
62
77
12
90
44
20
68
114
95
112
93
102
28
89
7
19
82
75
29
9
66
41
30
85
24
6
22
21
67
52
98
33
45
57
50
32
121
107
13
106
69
83
54
110
31
5
72
8
118
40
55
2
63
80
91
79
17
48
42
25
64
104
111
16
124
84
34
43
51
97
87
92
100
26
4
46
99
115
56
14
71
18
105
70
116
78
103
11
109
120
27
36
101
108
47
122
73
49
76
59
37
65
86
3
96
35
81
117
60
53
113
-1
EOF
