NAME : tsp_problem.435746.tour
COMMENT : Length = 435746
COMMENT : Found by LKH [Keld Helsgaun] Sun Mar 30 20:00:49 2025
TYPE : TOUR
DIMENSION : 128
TOUR_SECTION
1
13
4
15
50
37
32
60
70
72
82
106
96
53
42
102
111
124
74
115
64
10
25
67
91
109
61
54
48
49
24
92
126
40
98
9
19
58
90
101
16
85
87
28
2
123
79
39
6
114
68
62
94
75
97
80
120
22
46
110
5
7
93
17
12
81
66
23
84
128
34
121
29
65
113
118
44
8
52
95
76
47
127
45
112
41
51
73
116
43
38
125
78
77
122
100
26
11
83
71
14
119
30
105
56
20
3
55
88
108
103
31
63
89
59
117
21
36
57
86
99
18
104
33
107
35
69
27
-1
EOF
