NAME : tsp_problem.464054.tour
COMMENT : Length = 464054
COMMENT : Found by LKH [Keld Helsgaun] Sun Mar 30 20:00:45 2025
TYPE : TOUR
DIMENSION : 128
TOUR_SECTION
1
16
98
68
8
35
106
37
19
112
123
42
21
80
27
126
100
65
73
105
91
96
101
119
3
86
28
50
26
79
83
122
116
62
4
125
118
60
54
30
5
6
92
76
89
24
15
88
53
2
109
47
55
61
114
39
99
82
25
103
43
67
78
22
110
74
107
59
72
12
71
20
57
81
51
124
77
9
10
44
7
38
29
63
48
32
90
18
58
52
45
108
97
31
64
102
127
111
41
93
70
66
94
46
13
84
117
113
40
56
33
17
128
104
121
34
36
14
11
115
75
95
49
23
85
87
69
120
-1
EOF
