NAME : tsp_problem.455722.tour
COMMENT : Length = 455722
COMMENT : Found by LKH [Keld Helsgaun] Sun Mar 30 20:00:47 2025
TYPE : TOUR
DIMENSION : 114
TOUR_SECTION
1
5
79
36
22
61
105
64
90
50
92
85
15
80
10
28
59
30
95
66
60
82
6
37
8
58
12
111
9
68
49
108
54
86
20
97
7
72
11
40
57
13
84
55
14
101
32
78
74
63
81
31
51
44
107
77
114
94
21
109
47
53
75
106
103
42
56
67
43
70
24
18
34
100
38
65
46
45
89
91
16
73
88
35
25
102
83
48
23
98
41
96
19
39
113
33
87
76
52
4
17
104
99
71
110
27
26
93
2
112
3
29
62
69
-1
EOF
