NAME : tsp_problem.449197.tour
COMMENT : Length = 449197
COMMENT : Found by LKH [Keld Helsgaun] Thu Apr  3 17:20:14 2025
TYPE : TOUR
DIMENSION : 118
TOUR_SECTION
1
38
88
114
110
29
11
15
78
68
87
74
51
100
19
85
10
83
34
63
80
81
60
93
109
26
41
18
91
58
108
31
7
101
9
8
5
56
35
13
47
6
98
71
28
39
104
66
99
20
30
117
79
65
77
111
89
96
118
46
90
42
92
67
55
45
70
54
53
24
48
25
49
73
27
84
75
3
95
2
36
4
33
43
115
116
44
102
14
72
23
50
112
57
37
76
59
113
12
61
64
94
103
106
86
105
62
52
17
21
32
107
40
69
22
97
16
82
-1
EOF
