NAME : tsp_problem.469284.tour
COMMENT : Length = 469284
COMMENT : Found by LKH [Keld Helsgaun] Thu Apr  3 17:20:10 2025
TYPE : TOUR
DIMENSION : 120
TOUR_SECTION
1
16
12
15
11
31
83
100
70
14
104
47
22
74
26
88
56
109
60
57
103
86
85
75
34
24
42
87
79
99
110
84
108
59
41
120
55
95
77
92
81
7
36
93
21
49
115
53
119
4
54
29
39
27
101
73
18
94
102
17
23
113
2
30
19
28
58
45
43
105
51
68
114
8
32
89
67
117
44
91
61
97
118
72
10
116
62
76
6
20
63
9
5
90
3
69
111
52
80
40
96
98
25
66
82
33
46
35
106
37
50
48
78
13
64
107
112
38
65
71
-1
EOF
