NAME : tsp_problem.406493.tour
COMMENT : Length = 406493
COMMENT : Found by LKH [Keld Helsgaun] Sat Mar 29 16:39:36 2025
TYPE : TOUR
DIMENSION : 116
TOUR_SECTION
1
21
88
72
90
20
22
44
110
55
76
82
25
106
32
62
57
98
18
79
75
12
96
6
26
91
4
19
37
49
31
52
9
17
5
33
67
8
70
51
35
100
113
16
114
42
115
89
69
58
64
84
48
15
45
81
54
74
108
39
60
10
3
27
59
99
97
53
107
13
66
43
47
56
2
11
28
87
95
86
71
38
116
65
111
50
30
7
68
103
93
85
78
46
109
34
80
23
36
105
104
40
94
14
63
29
92
61
41
112
24
102
73
77
101
83
-1
EOF
