NAME : tsp_problem.447634.tour
COMMENT : Length = 447634
COMMENT : Found by LKH [Keld Helsgaun] Fri Mar 28 17:49:19 2025
TYPE : TOUR
DIMENSION : 136
TOUR_SECTION
1
34
24
18
97
25
130
94
99
82
136
119
4
100
91
90
101
79
58
81
10
67
3
98
104
134
135
89
50
46
131
83
85
48
38
73
127
80
133
62
121
45
122
55
76
36
126
110
129
92
26
103
77
95
7
56
60
52
12
106
132
8
63
47
40
112
39
37
59
5
109
29
111
102
6
75
15
27
114
30
35
115
19
87
57
113
17
11
74
31
14
21
33
105
53
61
96
54
120
107
123
51
20
72
64
32
42
125
28
86
9
93
43
23
44
84
124
65
68
88
128
22
2
69
13
70
66
118
117
108
41
16
116
49
71
78
-1
EOF
