NAME : tsp_problem.411668.tour
COMMENT : Length = 411668
COMMENT : Found by LKH [Keld Helsgaun] Fri Mar 28 17:49:13 2025
TYPE : TOUR
DIMENSION : 120
TOUR_SECTION
1
66
110
89
29
48
3
9
41
50
82
39
109
7
59
111
46
33
83
102
47
71
22
107
31
40
15
80
75
106
98
4
24
70
88
54
112
27
99
118
77
74
58
38
103
115
25
37
79
55
11
42
104
36
23
92
45
94
69
34
91
2
13
6
14
85
18
78
5
20
44
57
117
16
43
72
35
32
10
100
116
26
49
56
105
76
114
63
96
67
113
8
19
28
119
62
120
87
101
60
84
93
81
64
30
97
52
65
17
21
12
51
61
73
86
68
53
90
108
95
-1
EOF
