NAME : tsp_problem.458135.tour
COMMENT : Length = 458135
COMMENT : Found by LKH [Keld Helsgaun] Sun Mar 30 20:00:43 2025
TYPE : TOUR
DIMENSION : 122
TOUR_SECTION
1
61
116
12
79
57
48
2
30
56
90
58
20
66
69
40
78
60
100
75
37
16
33
117
93
89
6
101
107
115
45
102
113
14
68
91
109
24
17
23
41
106
43
54
80
83
70
76
50
112
121
81
105
122
5
114
120
46
95
44
87
26
35
111
9
74
22
88
73
62
13
84
38
25
82
55
103
63
72
11
71
52
65
108
29
31
67
96
10
42
3
39
59
19
32
98
97
51
94
86
119
118
7
8
53
99
64
15
104
27
34
85
77
21
4
28
49
18
36
110
47
92
-1
EOF
