NAME : tsp_problem.417191.tour
COMMENT : Length = 417191
COMMENT : Found by LKH [Keld Helsgaun] Sun Mar 30 20:00:37 2025
TYPE : TOUR
DIMENSION : 114
TOUR_SECTION
1
64
49
70
9
63
88
102
82
105
57
18
29
30
110
31
47
48
61
112
32
114
43
108
27
50
5
52
62
104
65
40
45
90
8
24
59
16
75
84
36
7
86
94
25
78
44
11
38
91
37
10
42
100
26
89
28
96
93
85
67
2
109
69
34
72
81
73
101
79
14
35
53
23
51
106
66
77
15
76
92
60
3
87
103
56
21
83
41
46
20
97
68
113
111
54
13
17
74
19
39
55
4
22
107
95
99
6
58
12
98
33
80
71
-1
EOF
