NAME : tsp_problem.450060.tour
COMMENT : Length = 450060
COMMENT : Found by LKH [Keld Helsgaun] Sat Mar 29 16:39:34 2025
TYPE : TOUR
DIMENSION : 142
TOUR_SECTION
1
24
102
33
116
108
12
67
29
58
45
86
60
26
79
141
95
89
119
75
31
40
68
59
71
72
74
77
125
93
20
109
53
111
129
117
35
128
69
22
113
81
17
7
48
112
34
61
2
38
106
65
98
92
54
41
9
11
47
91
133
82
135
127
18
43
32
123
46
100
6
70
96
99
16
28
27
5
94
136
118
104
3
15
139
50
49
130
21
56
78
57
110
8
44
64
124
73
103
76
132
36
122
25
88
83
126
120
84
137
62
101
140
10
52
131
97
105
30
90
138
14
42
23
115
66
134
142
85
39
107
87
4
63
51
55
121
19
80
114
13
37
-1
EOF
