NAME : tsp_problem.447443.tour
COMMENT : Length = 447443
COMMENT : Found by LKH [Keld Helsgaun] Thu Apr  3 17:20:08 2025
TYPE : TOUR
DIMENSION : 120
TOUR_SECTION
1
76
44
116
64
48
100
25
119
60
13
50
6
107
73
93
118
57
58
9
80
27
55
26
106
70
66
63
105
69
95
61
31
11
28
34
102
45
2
78
71
41
46
113
29
16
8
54
5
90
108
88
92
87
94
114
30
40
86
36
59
77
75
101
67
115
32
19
65
74
83
7
85
18
68
110
3
56
109
98
24
4
47
96
15
39
97
38
53
22
81
35
111
117
12
14
91
51
43
62
120
33
103
84
10
23
37
112
42
104
99
72
21
82
17
49
79
20
52
89
-1
EOF
