NAME : tsp_problem.443294.tour
COMMENT : Length = 443294
COMMENT : Found by LKH [Keld Helsgaun] Sat Mar 29 16:39:09 2025
TYPE : TOUR
DIMENSION : 116
TOUR_SECTION
1
40
104
60
103
85
33
99
30
68
71
88
97
54
20
105
96
3
50
80
59
52
26
32
7
56
98
84
106
113
14
12
79
86
15
111
35
17
90
2
70
72
82
11
92
63
28
93
10
44
110
25
65
53
57
87
107
108
114
47
94
89
8
43
69
64
76
78
58
34
55
16
75
27
100
73
51
116
18
81
36
13
22
102
95
19
67
46
9
83
42
5
39
61
66
77
29
45
74
112
41
37
48
4
31
24
101
6
38
62
23
115
109
49
21
91
-1
EOF
