NAME : tsp_problem.450552.tour
COMMENT : Length = 450552
COMMENT : Found by LKH [Keld Helsgaun] Sat Mar 29 16:39:56 2025
TYPE : TOUR
DIMENSION : 120
TOUR_SECTION
1
12
100
26
2
4
115
19
66
14
108
102
107
34
79
5
39
54
75
70
24
86
82
60
112
8
32
9
33
104
92
31
84
53
35
46
36
71
51
97
17
91
44
93
69
37
3
114
109
21
65
98
29
80
38
20
101
99
62
41
45
57
78
25
83
50
59
48
43
88
77
52
85
56
94
103
15
13
55
95
28
113
40
118
23
73
89
110
30
42
27
22
10
87
96
18
116
11
63
76
64
119
16
6
111
49
67
74
68
81
120
58
106
47
90
7
72
105
61
117
-1
EOF
