NAME : tsp_problem.445904.tour
COMMENT : Length = 445904
COMMENT : Found by LKH [Keld Helsgaun] Fri Mar 28 17:49:15 2025
TYPE : TOUR
DIMENSION : 128
TOUR_SECTION
1
11
95
63
35
115
43
73
70
78
119
81
37
103
106
19
97
14
25
16
84
44
69
118
62
6
121
126
79
49
56
76
17
59
91
22
8
89
113
42
29
66
112
75
74
64
13
80
82
67
128
72
55
33
52
50
21
12
34
65
40
124
77
114
15
68
36
54
83
107
28
104
46
122
10
9
125
86
30
53
110
32
39
47
93
41
108
23
99
20
101
85
48
127
24
90
87
71
98
94
111
102
38
116
61
2
120
45
3
105
100
51
92
96
31
58
109
7
117
26
27
88
57
4
123
5
18
60
-1
EOF
