NAME : tsp_problem.448651.tour
COMMENT : Length = 448651
COMMENT : Found by LKH [Keld Helsgaun] Sat Mar 29 16:39:05 2025
TYPE : TOUR
DIMENSION : 124
TOUR_SECTION
1
54
61
112
32
22
66
83
75
64
45
11
48
111
51
116
26
31
13
100
96
19
117
17
2
86
107
78
52
20
35
74
103
113
94
65
123
40
39
109
53
73
47
44
9
36
15
3
57
79
105
114
58
80
5
81
93
14
46
69
88
10
55
122
38
95
18
101
16
110
98
124
72
85
77
90
21
7
87
119
34
70
50
62
84
30
23
8
106
102
4
29
12
63
108
24
120
104
68
118
49
43
33
99
92
67
76
71
97
6
60
27
37
89
121
28
82
25
56
59
91
41
42
115
-1
EOF
