NAME : tsp_problem.454906.tour
COMMENT : Length = 454906
COMMENT : Found by LKH [Keld Helsgaun] Sun Mar 30 20:00:47 2025
TYPE : TOUR
DIMENSION : 144
TOUR_SECTION
1
14
102
52
45
96
88
71
38
55
80
123
58
133
92
105
99
137
75
50
107
24
132
37
90
89
114
72
117
57
59
48
39
60
136
94
22
109
25
124
95
86
42
28
36
19
118
62
7
65
41
68
126
30
44
87
23
84
66
108
16
106
49
110
17
125
10
129
20
143
134
5
100
26
56
113
61
138
51
29
121
139
31
104
131
120
142
103
85
64
32
70
13
130
11
116
73
63
74
46
77
76
93
33
47
135
54
12
112
91
101
35
83
3
82
67
6
127
97
21
40
119
27
8
144
98
15
81
9
122
69
140
79
2
115
53
128
18
78
43
111
4
141
34
-1
EOF
