NAME : tsp_problem.434556.tour
COMMENT : Length = 434556
COMMENT : Found by LKH [Keld Helsgaun] Sun Mar 30 20:00:46 2025
TYPE : TOUR
DIMENSION : 122
TOUR_SECTION
1
87
31
75
70
74
69
66
24
58
11
93
81
68
72
26
83
18
82
64
52
22
101
21
40
39
105
80
111
121
41
107
77
12
59
13
104
45
115
109
29
30
56
3
32
49
94
92
116
76
57
120
114
6
27
10
99
86
78
119
38
122
95
46
60
17
84
90
8
112
36
97
44
16
117
108
28
47
2
85
102
103
35
7
34
65
106
9
20
42
110
37
51
43
73
61
118
15
48
53
100
23
19
113
50
63
62
25
14
89
96
55
91
33
79
98
67
5
71
54
4
88
-1
EOF
