NAME : tsp_problem.448769.tour
COMMENT : Length = 448769
COMMENT : Found by LKH [Keld Helsgaun] Sat Mar 29 16:39:23 2025
TYPE : TOUR
DIMENSION : 116
TOUR_SECTION
1
8
84
14
56
112
50
13
9
77
86
46
95
65
37
102
66
110
5
47
10
62
98
3
24
104
107
53
19
59
97
35
15
60
72
48
32
113
78
42
109
79
28
29
90
75
20
12
115
16
38
100
76
34
67
49
26
103
51
58
87
11
88
36
64
54
85
45
106
108
43
71
111
25
93
41
52
63
6
89
70
116
99
44
2
81
23
101
105
7
82
27
92
30
31
21
18
114
96
57
4
22
55
61
83
69
80
73
94
68
33
39
74
40
91
17
-1
EOF
