NAME : tsp_problem.464739.tour
COMMENT : Length = 464739
COMMENT : Found by LKH [Keld Helsgaun] Sat Mar 29 16:38:56 2025
TYPE : TOUR
DIMENSION : 118
TOUR_SECTION
1
30
37
56
49
59
28
103
27
111
106
107
112
44
47
17
65
82
114
90
109
67
33
34
53
60
24
92
72
118
32
39
110
115
26
86
75
66
54
95
29
83
71
104
55
79
100
45
91
89
78
48
36
43
58
97
69
64
77
11
57
3
7
61
25
6
80
50
108
94
105
85
15
13
70
76
2
14
23
42
101
84
73
68
74
12
102
8
38
4
10
87
93
46
113
63
51
40
18
16
21
88
19
9
20
81
99
35
41
52
117
96
62
31
5
116
22
98
-1
EOF
