NAME : tsp_problem.455402.tour
COMMENT : Length = 455402
COMMENT : Found by LKH [Keld Helsgaun] Thu Apr  3 17:20:01 2025
TYPE : TOUR
DIMENSION : 142
TOUR_SECTION
1
68
45
71
24
29
34
118
46
125
56
15
106
89
94
120
117
81
114
84
7
70
101
66
128
53
116
138
51
72
67
74
109
115
69
23
42
32
22
79
54
19
132
39
122
21
26
137
85
48
2
13
76
140
77
134
129
10
124
43
36
5
35
17
33
97
95
104
88
73
27
64
30
57
103
41
82
12
135
121
20
111
113
112
131
6
11
37
58
98
47
8
136
52
65
60
123
31
105
78
119
4
49
55
142
141
83
25
62
90
61
3
63
59
110
108
18
92
102
38
127
93
86
14
40
16
9
50
96
28
139
100
107
99
80
126
75
44
133
87
91
130
-1
EOF
