NAME : tsp_problem.498953.tour
COMMENT : Length = 498953
COMMENT : Found by LKH [Keld Helsgaun] Sat Mar 29 16:39:12 2025
TYPE : TOUR
DIMENSION : 136
TOUR_SECTION
1
44
61
57
106
121
29
4
19
30
111
131
112
40
103
84
56
21
90
109
135
86
104
101
129
53
80
83
81
126
24
82
96
92
134
7
15
41
115
132
122
49
91
5
119
70
77
14
48
12
133
25
114
105
136
110
11
34
69
22
98
42
20
120
8
13
51
71
33
32
72
67
62
73
23
85
68
45
107
59
63
37
3
93
2
116
94
102
60
47
123
128
36
9
52
76
87
17
74
118
65
88
108
35
78
54
10
130
16
50
39
66
79
38
113
28
58
124
43
27
127
97
55
95
125
6
89
100
117
18
26
46
31
64
99
75
-1
EOF
