NAME : tsp_problem.434166.tour
COMMENT : Length = 434166
COMMENT : Found by LKH [Keld Helsgaun] Thu Apr  3 17:19:59 2025
TYPE : TOUR
DIMENSION : 130
TOUR_SECTION
1
74
90
120
41
15
43
109
84
8
13
75
93
33
60
89
58
65
28
66
116
4
47
99
10
57
121
6
108
42
61
72
59
80
129
82
55
124
68
23
126
94
103
52
119
48
45
102
27
85
98
34
19
21
63
44
18
37
16
77
105
88
117
7
3
118
107
25
38
122
130
100
111
50
17
51
11
127
53
104
2
49
92
71
114
79
22
95
40
112
123
101
83
29
67
26
87
64
32
73
78
70
62
54
86
5
31
96
46
91
115
12
24
97
35
9
56
69
106
110
125
113
30
14
39
20
76
81
36
128
-1
EOF
