NAME : tsp_problem.479850.tour
COMMENT : Length = 479850
COMMENT : Found by LKH [Keld Helsgaun] Sat Mar 29 16:38:50 2025
TYPE : TOUR
DIMENSION : 126
TOUR_SECTION
1
114
55
46
125
58
39
37
82
31
72
59
79
19
102
107
86
69
99
3
88
120
90
71
42
38
112
76
44
18
12
65
78
84
43
68
52
33
96
8
26
75
93
27
30
22
85
29
73
124
62
60
87
14
23
122
32
36
121
105
63
100
16
67
80
92
81
119
28
83
2
49
9
117
21
103
10
13
34
51
118
25
64
123
50
48
56
41
70
20
109
110
126
113
6
35
17
4
97
106
66
89
74
108
47
57
77
95
40
54
24
116
45
101
11
15
7
53
111
5
91
98
94
104
61
115
-1
EOF
