NAME : tsp_problem.447745.tour
COMMENT : Length = 447745
COMMENT : Found by LKH [Keld Helsgaun] Sat Mar 29 16:39:19 2025
TYPE : TOUR
DIMENSION : 116
TOUR_SECTION
1
52
58
115
85
43
108
11
100
29
114
70
106
42
3
105
18
83
82
76
47
91
25
23
2
95
103
26
99
84
22
57
89
92
86
24
68
17
36
59
48
111
94
45
104
74
67
72
80
75
34
32
71
88
87
27
73
37
39
56
102
4
10
61
7
38
110
50
101
31
12
77
51
16
116
8
33
93
55
44
49
9
66
113
54
112
53
15
64
107
60
40
98
6
28
20
97
96
5
19
46
81
13
65
79
62
14
21
30
41
90
78
35
69
109
63
-1
EOF
