NAME : tsp_problem.470082.tour
COMMENT : Length = 470082
COMMENT : Found by LKH [Keld Helsgaun] Sat Mar 29 16:38:57 2025
TYPE : TOUR
DIMENSION : 138
TOUR_SECTION
1
90
47
120
11
136
135
67
53
91
88
51
126
28
78
99
3
21
108
113
39
107
68
101
131
26
74
92
134
2
6
80
114
73
25
45
81
58
23
111
57
106
37
27
85
122
89
125
96
48
34
10
63
24
32
35
115
41
86
22
60
50
121
104
93
44
79
42
105
65
109
70
127
62
82
17
8
29
49
54
9
112
30
55
5
128
61
15
118
64
40
119
71
117
38
123
13
36
102
56
69
4
20
59
130
12
77
97
66
18
87
72
132
138
129
94
52
43
76
14
100
98
75
110
31
137
103
133
46
7
16
83
124
95
19
84
33
116
-1
EOF
