NAME : tsp_problem.439146.tour
COMMENT : Length = 439146
COMMENT : Found by LKH [Keld Helsgaun] Thu Apr  3 17:19:59 2025
TYPE : TOUR
DIMENSION : 130
TOUR_SECTION
1
63
45
96
77
104
60
44
116
94
30
79
126
31
128
34
121
99
39
112
35
88
43
8
118
127
90
110
113
109
56
48
71
130
115
33
18
26
66
2
78
32
29
87
12
17
103
124
92
11
59
70
37
108
117
49
74
75
40
41
62
111
81
68
3
61
91
80
114
23
64
101
25
55
73
76
19
129
9
5
28
22
84
65
106
13
83
10
69
14
36
38
24
52
97
6
7
93
47
15
107
58
57
89
53
16
105
122
102
27
86
100
119
125
54
85
67
51
72
4
42
95
98
120
82
50
46
21
20
123
-1
EOF
