NAME : tsp_problem.424480.tour
COMMENT : Length = 424480
COMMENT : Found by LKH [Keld Helsgaun] Sat Mar 29 16:40:06 2025
TYPE : TOUR
DIMENSION : 134
TOUR_SECTION
1
38
74
42
124
123
111
129
57
92
133
132
89
90
106
79
72
84
108
114
54
87
51
77
26
76
48
49
85
78
46
39
120
125
21
8
56
70
99
94
127
31
131
71
86
50
118
117
67
63
6
44
36
25
126
30
53
130
10
122
40
17
128
60
27
16
41
55
4
98
52
33
45
12
23
43
119
19
7
109
47
113
59
107
9
82
97
73
100
102
88
5
69
34
134
61
101
95
29
3
28
93
35
11
91
58
96
24
62
15
103
64
121
37
13
115
32
75
68
81
66
105
20
65
22
80
104
14
112
110
116
2
18
83
-1
EOF
