NAME : tsp_problem.484033.tour
COMMENT : Length = 484033
COMMENT : Found by LKH [Keld Helsgaun] Sat Mar 29 16:39:01 2025
TYPE : TOUR
DIMENSION : 132
TOUR_SECTION
1
81
91
104
47
25
37
86
36
83
80
108
23
58
115
112
66
41
103
110
123
107
26
120
21
95
118
74
52
29
12
128
79
19
7
43
109
61
17
111
75
8
122
64
126
40
72
30
67
57
114
13
27
96
71
102
113
76
129
117
101
125
38
22
82
3
55
68
131
56
39
132
106
20
100
48
121
44
98
34
32
5
65
69
124
49
89
11
51
94
4
24
9
28
127
84
78
15
33
97
92
16
59
85
2
46
63
50
10
116
60
99
42
62
88
54
93
35
45
90
119
31
77
18
70
6
105
14
73
130
53
87
-1
EOF
