NAME : tsp_problem.489581.tour
COMMENT : Length = 489581
COMMENT : Found by LKH [Keld Helsgaun] Sun Mar 30 20:00:38 2025
TYPE : TOUR
DIMENSION : 148
TOUR_SECTION
1
37
65
66
15
21
31
91
39
96
130
75
24
95
40
90
136
46
111
72
142
84
4
107
106
87
71
144
42
13
11
137
143
68
19
141
119
54
124
34
133
134
9
123
94
50
104
113
5
55
41
97
102
101
148
83
127
35
36
12
27
139
85
103
147
57
38
3
20
52
122
129
99
8
70
28
114
16
117
69
73
47
138
26
62
43
56
126
67
6
92
58
22
63
86
30
18
33
78
44
88
76
109
105
2
45
81
98
118
74
29
64
132
93
48
125
60
108
80
116
23
100
112
145
135
121
51
131
120
115
17
25
10
61
59
77
128
89
110
32
7
79
140
14
53
146
82
49
-1
EOF
