NAME : tsp_problem.471093.tour
COMMENT : Length = 471093
COMMENT : Found by LKH [Keld Helsgaun] Sat Mar 29 16:39:56 2025
TYPE : TOUR
DIMENSION : 118
TOUR_SECTION
1
4
51
73
96
60
31
92
106
40
101
10
79
113
111
72
89
80
16
41
98
38
45
7
20
14
56
61
70
82
88
27
95
28
29
39
87
116
26
25
22
105
3
44
77
34
62
21
64
100
43
81
55
85
17
46
108
35
115
32
59
11
54
50
24
93
33
52
90
109
2
13
104
18
58
42
118
37
65
19
67
71
76
117
83
102
99
78
63
8
91
86
114
97
66
103
74
49
94
15
68
23
30
53
12
47
48
84
112
110
75
57
69
36
5
6
107
9
-1
EOF
