NAME : tsp_problem.436949.tour
COMMENT : Length = 436949
COMMENT : Found by LKH [Keld Helsgaun] Fri Mar 28 17:49:13 2025
TYPE : TOUR
DIMENSION : 110
TOUR_SECTION
1
18
2
47
20
98
21
101
102
67
90
63
75
19
33
82
85
3
78
50
54
58
44
24
76
103
27
32
60
61
26
70
45
65
39
95
7
25
104
9
71
40
107
15
93
68
94
59
83
41
86
66
12
72
88
105
49
96
28
4
53
37
77
84
79
14
46
42
80
81
34
36
100
99
69
110
30
92
91
29
64
55
109
11
74
56
5
13
108
22
48
23
106
8
89
6
57
43
10
31
73
97
16
87
17
35
51
38
52
62
-1
EOF
