NAME : tsp_problem.477966.tour
COMMENT : Length = 477966
COMMENT : Found by LKH [Keld Helsgaun] Sat Mar 29 16:39:18 2025
TYPE : TOUR
DIMENSION : 124
TOUR_SECTION
1
18
29
16
103
81
4
42
40
110
48
15
111
120
5
123
83
89
33
58
102
122
61
119
41
68
53
112
107
67
97
20
60
64
98
94
7
39
91
92
27
38
25
35
10
93
51
108
9
14
12
46
55
71
99
52
106
124
79
37
8
70
85
109
95
72
26
13
82
96
65
28
31
84
69
30
115
17
32
44
88
87
90
50
76
118
43
49
47
11
36
34
101
74
19
114
21
54
86
6
22
75
121
23
78
56
2
100
73
80
24
113
104
77
57
66
105
117
116
62
45
63
3
59
-1
EOF
