NAME : tsp_problem.408362.tour
COMMENT : Length = 408362
COMMENT : Found by LKH [Keld Helsgaun] Thu Apr  3 17:20:06 2025
TYPE : TOUR
DIMENSION : 122
TOUR_SECTION
1
44
71
34
11
82
118
111
26
97
81
2
16
70
32
88
100
79
99
73
23
53
69
56
7
55
117
115
103
113
84
21
74
45
80
101
49
28
63
109
86
37
65
38
57
120
20
19
51
110
112
116
107
121
14
85
77
25
89
72
27
4
47
102
93
33
15
39
75
90
61
43
40
41
108
6
91
95
122
52
76
8
58
5
83
98
36
64
48
104
119
67
50
78
114
105
13
54
9
31
60
66
30
87
29
96
46
59
17
10
24
42
12
35
92
18
3
106
68
22
62
94
-1
EOF
