NAME : tsp_problem.494541.tour
COMMENT : Length = 494541
COMMENT : Found by LKH [Keld Helsgaun] Thu Apr  3 17:20:05 2025
TYPE : TOUR
DIMENSION : 136
TOUR_SECTION
1
86
61
120
60
54
134
106
122
126
24
99
72
130
68
69
107
62
105
136
31
93
11
78
109
47
74
91
80
81
34
23
95
123
116
112
73
4
66
48
65
76
124
135
96
131
8
119
67
15
84
36
14
104
129
108
45
117
29
25
59
71
70
40
77
75
37
113
22
111
90
17
85
115
30
16
49
26
103
20
43
53
39
125
79
52
87
13
46
56
89
33
3
44
32
2
64
132
100
41
101
10
9
88
102
121
97
51
118
7
6
19
57
92
5
38
42
110
50
27
18
98
21
127
82
12
55
128
83
28
114
63
94
58
35
133
-1
EOF
