NAME : tsp_problem.469322.tour
COMMENT : Length = 469322
COMMENT : Found by LKH [Keld Helsgaun] Fri Mar 28 17:49:25 2025
TYPE : TOUR
DIMENSION : 118
TOUR_SECTION
1
2
93
107
116
115
47
60
85
96
82
99
106
38
4
104
117
59
37
56
31
6
88
77
80
44
90
41
76
7
23
69
54
16
15
64
67
98
52
86
75
35
109
39
105
48
58
27
9
114
51
101
10
5
50
29
95
108
66
36
110
87
78
84
72
73
28
63
83
94
46
91
19
113
70
118
62
74
112
34
22
8
33
71
89
32
24
57
53
43
42
102
49
20
61
3
111
40
65
26
14
21
103
97
92
25
55
79
45
18
13
17
81
30
12
68
100
11
-1
EOF
