NAME : tsp_problem.454947.tour
COMMENT : Length = 454947
COMMENT : Found by LKH [Keld Helsgaun] Fri Mar 28 17:49:23 2025
TYPE : TOUR
DIMENSION : 128
TOUR_SECTION
1
17
47
15
85
18
102
6
83
48
22
16
105
100
54
29
50
31
27
89
123
122
41
57
5
33
11
86
14
101
116
3
46
80
124
99
118
68
45
111
117
92
7
35
19
55
71
95
119
109
52
23
61
10
4
13
36
69
66
104
110
34
76
126
30
82
108
59
43
44
67
75
128
88
9
96
94
24
114
53
20
21
32
98
112
64
49
115
8
65
87
107
56
127
97
72
51
2
28
84
77
73
125
81
42
93
79
113
62
70
90
25
39
60
78
26
37
38
106
58
91
121
74
12
40
103
63
120
-1
EOF
