NAME : tsp_problem.457964.tour
COMMENT : Length = 457964
COMMENT : Found by LKH [Keld Helsgaun] Thu Apr  3 17:20:05 2025
TYPE : TOUR
DIMENSION : 144
TOUR_SECTION
1
6
74
49
20
92
34
48
117
108
110
33
42
13
99
24
100
87
140
2
18
14
132
27
12
60
21
17
98
123
81
64
72
129
141
142
40
131
136
65
79
84
111
122
143
114
127
53
93
83
101
63
28
107
31
68
133
47
82
73
106
5
36
50
128
77
54
96
89
15
70
86
16
56
139
135
144
3
45
134
29
8
75
58
4
57
120
78
23
51
44
9
137
76
22
7
90
95
121
19
130
94
124
71
115
97
102
11
66
112
126
62
37
104
125
113
35
43
80
52
26
103
109
67
91
69
59
61
38
119
25
88
10
46
39
105
116
55
30
138
41
118
85
32
-1
EOF
