NAME : tsp_problem.514904.tour
COMMENT : Length = 514904
COMMENT : Found by LKH [Keld Helsgaun] Sat Mar 29 16:38:44 2025
TYPE : TOUR
DIMENSION : 144
TOUR_SECTION
1
40
112
8
139
79
86
42
85
51
13
46
82
78
4
18
110
80
31
63
26
138
23
103
53
48
94
89
56
91
134
68
33
16
122
2
27
59
25
62
128
127
90
29
113
100
133
88
118
101
137
121
43
19
11
129
98
37
54
135
12
17
123
71
96
119
140
111
47
142
81
120
144
15
57
67
44
64
36
30
108
9
124
141
117
76
34
126
93
39
21
72
109
97
83
66
61
41
92
49
99
105
14
125
7
3
45
130
74
32
35
132
70
75
104
6
24
58
116
65
73
102
106
50
55
114
87
22
107
5
69
20
60
77
52
84
136
115
28
10
131
95
38
143
-1
EOF
