NAME : tsp_problem.487358.tour
COMMENT : Length = 487358
COMMENT : Found by LKH [Keld Helsgaun] Sat Mar 29 16:39:46 2025
TYPE : TOUR
DIMENSION : 142
TOUR_SECTION
1
16
86
127
69
25
27
76
93
8
77
32
108
36
60
53
82
15
4
17
41
21
42
46
142
49
37
31
47
138
105
74
136
13
92
134
70
83
39
45
128
113
102
63
122
2
11
99
72
28
61
131
85
81
38
34
66
135
44
91
125
65
67
26
100
10
87
110
88
119
75
120
29
23
117
35
141
24
121
50
30
54
116
22
137
118
140
133
78
89
98
12
107
124
139
52
97
20
9
123
130
51
33
101
19
79
5
14
111
7
6
43
40
71
104
112
96
56
62
64
48
106
55
57
132
80
68
94
73
90
58
126
95
109
59
84
103
114
129
115
3
18
-1
EOF
