NAME : tsp_problem.502215.tour
COMMENT : Length = 502215
COMMENT : Found by LKH [Keld Helsgaun] Sat Mar 29 16:39:43 2025
TYPE : TOUR
DIMENSION : 132
TOUR_SECTION
1
116
61
106
48
91
30
84
103
7
88
37
115
132
101
39
92
73
69
74
24
81
89
16
29
120
128
52
4
94
65
87
14
86
99
9
43
54
79
97
34
57
3
10
68
26
105
38
51
125
83
66
104
70
8
47
113
124
102
129
22
50
117
126
36
11
59
45
127
28
111
49
55
15
19
130
80
25
93
118
100
96
107
58
46
119
6
71
122
63
75
44
82
85
78
95
108
123
18
23
64
21
40
109
13
12
31
35
17
90
56
53
76
110
67
131
20
77
62
5
42
41
112
114
27
98
33
32
60
2
72
121
-1
EOF
