NAME : tsp_problem.455303.tour
COMMENT : Length = 455303
COMMENT : Found by LKH [Keld Helsgaun] Sun Mar 30 20:00:49 2025
TYPE : TOUR
DIMENSION : 114
TOUR_SECTION
1
20
30
36
77
91
76
19
106
39
79
33
66
11
78
7
23
71
67
13
8
54
28
2
74
98
86
72
84
18
60
27
63
100
109
81
80
114
44
111
59
56
85
58
37
96
102
62
25
105
93
112
104
31
69
26
103
97
16
14
70
64
73
35
87
90
61
57
83
68
43
5
21
75
41
17
45
15
52
38
47
50
88
65
108
32
6
49
51
24
9
95
42
46
48
92
107
82
4
99
101
89
10
34
94
3
12
22
53
113
110
55
40
29
-1
EOF
