NAME : tsp_problem.480422.tour
COMMENT : Length = 480422
COMMENT : Found by LKH [Keld Helsgaun] Fri Mar 28 17:49:20 2025
TYPE : TOUR
DIMENSION : 132
TOUR_SECTION
1
23
54
61
125
27
100
68
56
26
121
86
48
51
102
35
33
21
20
75
70
12
22
131
42
78
93
92
98
65
85
4
3
67
123
52
28
129
39
101
127
95
58
107
16
73
132
109
105
76
55
24
89
112
32
14
99
43
71
18
96
77
122
62
29
103
82
57
119
2
110
15
81
36
115
84
25
37
5
41
88
69
30
40
6
19
87
66
108
46
128
80
111
90
118
94
79
114
11
38
9
124
117
7
97
44
64
50
126
34
59
53
83
74
49
17
104
45
8
13
116
10
31
60
113
120
106
47
91
130
72
63
-1
EOF
