NAME : tsp_problem.383976.tour
COMMENT : Length = 383976
COMMENT : Found by LKH [Keld Helsgaun] Thu Apr  3 17:20:07 2025
TYPE : TOUR
DIMENSION : 120
TOUR_SECTION
1
22
59
79
99
102
26
117
3
118
75
100
55
47
93
90
36
65
85
44
64
86
92
25
21
29
80
107
33
52
56
41
30
110
71
53
112
81
54
45
40
24
74
95
82
6
103
13
69
70
32
8
5
113
78
87
73
96
12
42
115
68
20
39
111
50
119
46
62
72
35
63
109
4
7
89
88
67
19
38
2
28
98
10
31
9
16
108
97
116
76
57
34
66
14
37
61
18
17
58
104
11
43
48
120
84
83
91
27
60
51
77
23
114
15
49
94
101
106
105
-1
EOF
