NAME : tsp_problem.462156.tour
COMMENT : Length = 462156
COMMENT : Found by LKH [Keld Helsgaun] Fri Mar 28 17:49:21 2025
TYPE : TOUR
DIMENSION : 114
TOUR_SECTION
1
79
61
58
46
27
37
102
11
41
75
29
35
70
43
38
48
18
25
33
50
64
5
4
106
65
88
73
76
16
103
44
7
101
83
45
95
20
39
3
110
32
86
49
30
80
112
82
109
93
36
14
71
15
108
100
8
34
113
89
62
55
23
31
21
92
63
66
74
9
90
51
17
97
78
24
6
77
19
96
99
111
57
72
114
53
94
2
85
68
28
84
22
54
87
13
42
81
40
26
60
12
59
67
56
107
10
47
91
104
98
69
52
105
-1
EOF
