NAME : tsp_problem.484240.tour
COMMENT : Length = 484240
COMMENT : Found by LKH [Keld Helsgaun] Fri Mar 28 17:49:26 2025
TYPE : TOUR
DIMENSION : 136
TOUR_SECTION
1
44
30
97
59
14
136
48
95
18
58
111
7
105
94
98
42
133
9
82
129
101
117
109
91
25
47
10
103
72
121
61
78
45
108
84
22
34
49
54
100
93
33
53
83
15
74
119
16
123
122
85
31
13
79
36
114
110
27
24
17
26
43
75
90
11
3
135
64
6
124
40
38
80
86
21
131
39
12
5
60
106
41
128
87
67
127
71
126
8
92
35
55
32
118
104
73
107
51
4
46
62
134
120
115
116
70
76
112
63
52
50
57
96
69
37
102
2
68
65
23
81
88
89
125
113
130
132
20
66
56
77
28
19
29
99
-1
EOF
