NAME : tsp_problem.457307.tour
COMMENT : Length = 457307
COMMENT : Found by LKH [Keld Helsgaun] Sun Mar 30 20:00:40 2025
TYPE : TOUR
DIMENSION : 124
TOUR_SECTION
1
30
12
7
98
43
96
62
100
97
32
88
55
3
22
19
90
59
67
74
110
21
54
53
44
72
18
65
93
15
10
116
42
51
120
69
79
5
2
48
46
28
13
123
6
111
87
75
80
101
84
40
49
4
47
11
107
95
24
20
103
45
23
35
119
91
105
114
52
99
9
113
56
117
78
73
121
76
16
81
89
25
85
31
57
92
14
82
112
115
26
66
102
36
61
64
37
124
71
50
104
83
77
94
86
41
106
33
108
118
122
38
60
27
17
34
29
39
58
109
70
8
63
68
-1
EOF
