NAME : tsp_problem.437274.tour
COMMENT : Length = 437274
COMMENT : Found by LKH [Keld Helsgaun] Sat Mar 29 16:39:20 2025
TYPE : TOUR
DIMENSION : 112
TOUR_SECTION
1
42
24
97
31
57
14
17
64
4
70
111
109
52
33
106
19
101
69
11
60
16
87
21
27
93
51
112
41
89
79
92
108
71
67
55
48
13
40
54
105
20
59
18
10
53
45
76
94
6
77
103
38
75
83
47
49
68
110
44
28
100
90
91
80
50
63
7
39
43
26
8
88
96
84
56
25
34
35
58
46
61
78
65
98
32
9
3
12
23
29
99
104
73
15
95
82
72
62
66
85
74
5
37
22
86
36
2
81
102
30
107
-1
EOF
