NAME : tsp_problem.434254.tour
COMMENT : Length = 434254
COMMENT : Found by LKH [Keld Helsgaun] Sun Mar 30 20:00:47 2025
TYPE : TOUR
DIMENSION : 118
TOUR_SECTION
1
32
22
109
113
4
101
102
116
57
48
90
53
106
110
61
108
89
98
44
43
78
72
38
28
23
16
99
91
81
74
105
111
95
73
85
96
13
54
33
34
19
88
94
36
46
103
58
77
64
97
60
29
66
7
42
67
3
5
49
65
31
86
62
71
24
55
18
10
12
82
30
83
37
27
15
68
2
20
14
80
51
115
104
84
93
59
107
69
100
11
114
70
63
40
35
118
56
25
6
8
41
47
9
76
92
50
117
112
52
26
45
75
79
21
17
39
87
-1
EOF
