NAME : tsp_problem.463450.tour
COMMENT : Length = 463450
COMMENT : Found by LKH [Keld Helsgaun] Sun Mar 30 20:00:41 2025
TYPE : TOUR
DIMENSION : 132
TOUR_SECTION
1
69
66
29
97
64
98
94
87
43
12
131
46
8
19
76
105
92
55
121
109
126
9
88
80
78
75
57
60
73
67
27
103
15
71
14
111
108
44
81
7
16
90
112
83
11
25
84
70
37
130
99
61
39
68
30
119
101
22
49
53
89
128
24
3
35
38
77
56
36
116
82
2
26
33
65
13
62
132
95
117
79
118
91
54
32
85
40
100
10
59
127
63
28
114
41
6
104
93
51
31
96
23
4
120
18
129
106
107
5
123
47
72
110
52
115
86
102
125
20
17
124
34
42
48
113
122
58
50
45
21
74
-1
EOF
