NAME : tsp_problem.461917.tour
COMMENT : Length = 461917
COMMENT : Found by LKH [Keld Helsgaun] Thu Apr  3 17:20:00 2025
TYPE : TOUR
DIMENSION : 140
TOUR_SECTION
1
34
58
35
136
24
92
5
83
4
75
108
20
28
88
86
19
36
61
41
135
38
133
72
44
64
26
80
110
15
102
79
60
39
118
13
139
6
113
91
117
46
124
11
126
134
107
84
68
70
121
96
131
89
25
55
56
22
95
127
125
100
109
10
9
31
30
137
82
49
94
71
48
74
40
90
2
32
76
129
112
128
17
97
67
42
101
105
63
66
140
16
23
77
37
119
65
104
62
132
7
21
29
12
45
103
122
115
14
3
78
98
47
27
50
81
116
99
59
138
85
106
52
123
93
51
111
57
43
120
73
114
69
53
8
18
54
130
33
87
-1
EOF
