NAME : tsp_problem.484151.tour
COMMENT : Length = 484151
COMMENT : Found by LKH [Keld Helsgaun] Fri Mar 28 17:49:19 2025
TYPE : TOUR
DIMENSION : 148
TOUR_SECTION
1
88
14
57
65
124
117
41
138
55
43
77
129
123
36
100
94
62
115
122
50
108
96
12
17
59
44
128
39
82
22
83
105
21
64
85
72
67
53
38
35
69
25
111
87
84
126
127
47
37
40
133
109
54
93
147
70
2
5
120
118
76
8
106
102
97
23
116
141
98
130
29
73
144
34
146
78
136
110
56
46
112
48
134
89
107
125
86
33
30
6
9
66
137
91
135
132
31
32
75
58
45
61
80
79
99
11
119
7
92
13
101
49
26
24
16
121
95
4
131
114
27
142
18
52
10
15
90
20
60
81
42
19
143
104
51
103
140
113
3
71
28
148
63
74
145
68
139
-1
EOF
