NAME : tsp_problem.463803.tour
COMMENT : Length = 463803
COMMENT : Found by LKH [Keld Helsgaun] Sun Mar 30 20:00:48 2025
TYPE : TOUR
DIMENSION : 128
TOUR_SECTION
1
41
120
57
3
118
117
68
16
93
73
94
101
113
106
77
63
81
97
109
99
90
76
45
31
18
6
56
79
8
11
103
60
100
10
38
65
25
74
58
13
61
125
50
12
126
110
35
62
114
36
122
71
47
105
59
4
22
43
34
7
66
29
128
14
72
80
88
55
53
124
112
82
70
30
84
115
2
86
42
51
121
39
67
119
69
40
5
24
102
116
78
111
23
33
98
9
32
21
19
87
49
64
48
17
92
26
107
123
54
27
46
52
37
95
20
75
83
127
28
15
96
85
104
108
91
89
44
-1
EOF
