NAME : tsp_problem.502386.tour
COMMENT : Length = 502386
COMMENT : Found by LKH [Keld Helsgaun] Sat Mar 29 16:39:06 2025
TYPE : TOUR
DIMENSION : 146
TOUR_SECTION
1
82
58
98
30
102
146
33
11
51
136
22
35
96
12
52
91
7
21
29
28
70
3
123
48
49
27
119
20
53
25
84
141
9
60
137
76
113
10
111
72
18
44
13
24
112
74
140
107
85
47
108
55
130
40
92
80
142
93
66
127
6
77
115
68
79
143
8
56
144
64
71
116
78
23
5
54
129
16
97
128
50
104
133
67
126
43
100
106
131
46
38
14
34
145
118
95
31
17
62
109
99
57
87
110
90
81
15
117
39
19
2
73
121
75
41
101
61
94
63
69
125
45
132
139
83
59
89
105
32
114
37
88
103
42
36
122
120
134
86
4
138
135
26
65
124
-1
EOF
