NAME : tsp_problem.473393.tour
COMMENT : Length = 473393
COMMENT : Found by LKH [Keld Helsgaun] Fri Mar 28 17:49:20 2025
TYPE : TOUR
DIMENSION : 148
TOUR_SECTION
1
20
74
61
85
58
23
138
64
69
7
115
148
127
22
57
27
134
32
121
14
81
76
65
28
46
113
4
136
75
51
140
145
36
37
84
104
8
42
12
59
86
100
68
66
110
112
102
146
30
88
55
44
131
13
105
132
33
6
83
130
5
125
72
106
122
31
17
142
39
3
73
21
82
97
137
77
56
94
123
120
93
62
91
50
45
96
98
34
38
87
49
118
70
129
53
128
41
90
101
9
79
2
18
147
107
35
119
133
40
109
144
103
114
108
67
78
48
54
99
29
89
92
10
71
139
47
26
15
60
24
126
124
25
117
16
52
80
135
111
95
116
11
43
19
141
63
143
-1
EOF
