NAME : tsp_problem.433646.tour
COMMENT : Length = 433646
COMMENT : Found by LKH [Keld Helsgaun] Sun Mar 30 20:00:40 2025
TYPE : TOUR
DIMENSION : 112
TOUR_SECTION
1
31
59
62
106
89
24
75
93
84
109
104
34
55
18
58
40
110
39
38
94
99
29
98
53
41
30
50
86
68
17
33
73
96
27
9
64
15
76
69
8
87
3
61
25
90
10
111
32
77
13
12
48
44
71
28
83
43
72
54
14
70
63
35
66
26
22
20
78
6
101
4
47
65
45
88
103
85
105
23
42
2
7
100
82
19
112
46
37
92
57
5
107
74
49
52
51
79
60
11
36
91
97
16
67
21
81
95
80
102
108
56
-1
EOF
