NAME : tsp_problem.440126.tour
COMMENT : Length = 440126
COMMENT : Found by LKH [Keld Helsgaun] Sat Mar 29 16:39:05 2025
TYPE : TOUR
DIMENSION : 138
TOUR_SECTION
1
3
81
96
52
25
94
115
129
47
114
40
51
135
2
32
16
39
17
49
112
18
87
76
21
85
127
12
86
4
37
20
134
89
38
128
132
30
54
65
133
82
45
106
104
124
61
92
22
14
119
58
43
34
113
36
107
131
90
46
108
42
27
53
33
44
98
50
126
67
77
122
74
78
5
28
80
24
7
9
100
73
55
103
72
10
56
137
88
75
79
95
101
13
83
29
66
97
84
125
26
35
60
117
99
138
6
136
23
118
120
11
8
62
111
59
93
105
70
69
130
116
109
15
91
110
102
41
64
19
121
48
71
63
57
68
123
31
-1
EOF
