NAME : tsp_problem.514009.tour
COMMENT : Length = 514009
COMMENT : Found by LKH [Keld Helsgaun] Thu Apr  3 17:19:59 2025
TYPE : TOUR
DIMENSION : 146
TOUR_SECTION
1
31
113
29
7
87
43
10
86
13
85
122
140
59
67
77
96
28
33
30
46
124
119
23
131
74
106
41
142
121
102
66
50
78
53
4
69
56
68
114
120
54
12
48
81
64
32
89
19
115
57
138
38
93
145
98
15
63
55
9
45
112
44
90
58
91
75
76
5
24
25
107
36
71
99
135
61
129
137
132
37
101
111
39
35
72
17
143
6
40
97
51
104
65
8
26
21
2
11
83
16
109
105
117
144
133
22
14
127
103
62
141
52
130
73
42
94
3
125
118
108
88
18
110
34
136
82
79
47
126
95
146
84
139
100
128
20
60
123
70
27
116
92
49
80
134
-1
EOF
