NAME : tsp_problem.477027.tour
COMMENT : Length = 477027
COMMENT : Found by LKH [Keld Helsgaun] Fri Mar 28 17:49:17 2025
TYPE : TOUR
DIMENSION : 140
TOUR_SECTION
1
26
64
47
95
86
58
101
140
79
98
103
36
2
22
78
82
108
8
138
104
60
122
3
136
129
48
55
17
27
75
116
7
90
117
6
45
34
54
5
139
73
15
70
66
96
69
92
111
52
89
119
130
110
113
25
65
72
37
105
9
41
11
33
4
81
99
134
83
128
29
91
31
127
10
16
13
100
12
30
131
88
114
44
109
77
118
135
53
68
49
63
56
102
24
38
20
132
125
74
137
123
84
35
76
120
80
51
14
61
115
71
42
87
32
23
107
57
112
39
106
93
18
19
121
126
133
59
97
85
43
40
28
67
124
50
94
62
21
46
-1
EOF
