NAME : tsp_problem.472276.tour
COMMENT : Length = 472276
COMMENT : Found by LKH [Keld Helsgaun] Sun Mar 30 20:00:39 2025
TYPE : TOUR
DIMENSION : 136
TOUR_SECTION
1
35
127
95
123
118
28
12
70
27
72
84
44
82
36
60
67
106
54
2
31
13
65
103
5
89
90
4
73
88
81
7
3
19
99
39
43
76
26
105
21
119
129
37
101
92
75
124
34
126
6
45
122
78
68
40
66
30
71
8
46
85
23
91
83
58
93
135
109
33
22
79
24
112
97
102
56
53
61
16
17
77
18
11
38
20
115
15
114
110
29
59
80
108
52
96
133
130
69
116
57
94
132
86
104
125
134
62
42
50
9
14
10
128
131
63
74
121
51
100
47
107
25
98
113
120
41
49
48
87
111
32
64
117
55
136
-1
EOF
