NAME : tsp_problem.417875.tour
COMMENT : Length = 417875
COMMENT : Found by LKH [Keld Helsgaun] Fri Mar 28 17:49:21 2025
TYPE : TOUR
DIMENSION : 116
TOUR_SECTION
1
47
83
58
73
43
55
61
105
100
81
5
38
56
77
44
85
62
9
88
107
48
76
82
6
45
40
32
91
3
115
10
116
89
2
17
21
79
14
49
99
101
24
104
37
57
20
98
13
80
33
4
60
93
70
41
65
34
69
51
66
103
22
74
18
108
113
23
67
111
75
29
28
8
12
15
19
68
39
106
25
90
54
16
63
95
52
27
94
78
31
64
7
109
84
36
59
72
97
71
11
112
86
42
53
46
96
30
87
110
26
92
35
50
114
102
-1
EOF
