NAME : tsp_problem.484744.tour
COMMENT : Length = 484744
COMMENT : Found by LKH [Keld Helsgaun] Fri Mar 28 17:49:25 2025
TYPE : TOUR
DIMENSION : 132
TOUR_SECTION
1
61
83
82
16
99
55
28
51
126
97
81
120
95
43
33
50
48
72
110
24
47
23
85
132
53
6
111
20
105
79
96
30
36
89
45
116
42
100
8
115
15
64
11
54
88
74
104
13
37
12
127
87
67
68
19
70
93
117
91
58
31
22
52
101
98
118
17
39
121
78
125
25
44
112
34
32
102
29
40
108
14
7
66
103
38
65
77
124
3
80
130
90
9
75
128
5
123
73
122
71
129
109
114
84
63
27
94
56
62
106
107
49
60
59
41
35
10
4
76
2
69
46
21
18
26
86
92
57
113
119
131
-1
EOF
