NAME : tsp_problem.484933.tour
COMMENT : Length = 484933
COMMENT : Found by LKH [Keld Helsgaun] Sat Mar 29 16:39:46 2025
TYPE : TOUR
DIMENSION : 148
TOUR_SECTION
1
24
28
96
145
71
107
59
46
6
89
103
33
110
134
86
9
143
81
125
87
85
115
94
73
109
99
16
18
26
34
132
83
126
32
38
49
93
144
63
48
72
147
22
116
138
135
20
137
58
2
15
65
122
50
127
19
76
108
17
7
14
52
56
53
35
54
140
45
10
77
47
13
113
104
5
105
117
27
51
79
25
136
84
90
106
4
37
55
112
97
31
146
120
95
36
82
74
39
102
57
42
3
41
129
29
142
61
21
123
100
130
88
119
141
64
128
75
12
121
131
101
60
43
80
66
67
133
98
40
69
30
70
118
111
23
44
68
92
148
62
114
91
78
8
11
139
124
-1
EOF
