NAME : tsp_problem.499801.tour
COMMENT : Length = 499801
COMMENT : Found by LKH [Keld Helsgaun] Fri Mar 28 17:49:19 2025
TYPE : TOUR
DIMENSION : 134
TOUR_SECTION
1
75
110
4
78
83
3
57
32
22
121
35
58
36
134
70
74
52
55
37
98
21
96
90
69
29
92
65
122
118
45
10
53
62
84
116
103
43
31
120
104
115
19
2
27
123
72
107
99
113
13
129
8
23
127
128
85
94
6
61
93
108
47
54
102
114
105
133
97
71
18
44
100
82
130
49
5
73
33
11
131
124
109
15
42
67
60
41
89
66
7
76
91
26
14
50
112
39
86
59
106
77
79
30
80
24
117
64
17
132
87
46
12
16
119
68
125
25
28
20
81
56
63
111
101
48
51
38
95
9
34
40
88
126
-1
EOF
