NAME : tsp_problem.493193.tour
COMMENT : Length = 493193
COMMENT : Found by LKH [Keld Helsgaun] Fri Mar 28 17:49:24 2025
TYPE : TOUR
DIMENSION : 122
TOUR_SECTION
1
5
63
98
61
47
7
101
102
100
90
117
41
14
33
95
108
29
70
22
48
99
69
78
20
79
37
76
31
26
10
96
109
42
4
92
116
105
44
122
51
40
74
114
32
36
55
84
12
91
2
62
13
103
72
60
16
107
104
118
65
56
49
17
53
121
68
115
27
66
86
75
34
87
39
43
106
112
59
46
11
21
81
71
24
9
64
45
97
30
25
54
77
23
119
6
94
73
120
111
88
93
57
35
18
50
15
3
110
83
58
28
113
89
38
80
52
82
8
85
67
19
-1
EOF
