NAME : tsp_problem.444660.tour
COMMENT : Length = 444660
COMMENT : Found by LKH [Keld Helsgaun] Sun Mar 30 20:00:40 2025
TYPE : TOUR
DIMENSION : 124
TOUR_SECTION
1
36
120
28
121
46
42
4
35
122
123
64
66
51
84
82
60
124
103
86
58
83
33
101
108
80
102
98
97
113
15
71
119
9
38
93
95
2
88
27
115
10
94
52
21
61
87
107
43
92
56
55
25
18
91
112
69
117
13
75
90
70
89
81
110
19
3
118
67
37
34
8
72
62
26
24
65
16
50
106
20
79
49
47
99
68
105
96
104
11
31
17
22
7
111
63
29
59
54
32
30
85
5
53
77
74
76
109
23
12
39
78
6
100
114
14
40
48
57
44
41
73
45
116
-1
EOF
