NAME : tsp_problem.457113.tour
COMMENT : Length = 457113
COMMENT : Found by LKH [Keld Helsgaun] Sat Mar 29 16:39:26 2025
TYPE : TOUR
DIMENSION : 118
TOUR_SECTION
1
42
77
71
103
27
11
86
90
22
109
60
4
83
59
54
94
74
50
3
47
112
51
8
21
57
39
80
96
97
53
55
29
68
64
67
58
35
91
93
17
5
46
102
81
2
115
56
61
34
14
84
87
33
13
107
66
105
82
15
111
95
18
44
41
52
75
23
12
9
63
36
65
43
6
88
7
45
78
118
116
113
20
31
117
72
100
49
26
28
79
104
85
16
101
10
62
30
89
114
24
25
48
98
106
70
108
76
92
32
19
37
99
38
69
40
110
73
-1
EOF
