NAME : tsp_problem.479155.tour
COMMENT : Length = 479155
COMMENT : Found by LKH [Keld Helsgaun] Fri Mar 28 17:49:19 2025
TYPE : TOUR
DIMENSION : 140
TOUR_SECTION
1
52
93
3
30
72
132
58
86
82
10
101
12
64
102
103
39
112
110
114
20
67
80
74
36
21
125
44
121
45
124
116
129
43
18
2
83
4
49
119
41
17
118
28
94
51
78
35
138
96
105
54
40
13
89
61
56
107
55
140
25
60
33
19
7
47
85
53
26
42
113
48
27
111
99
117
31
122
77
50
68
29
123
15
136
59
14
76
24
139
91
23
95
88
98
34
128
87
38
92
109
63
32
130
81
106
73
16
22
79
126
8
135
66
37
70
46
127
9
5
65
115
133
71
90
134
69
104
57
137
84
120
6
108
97
11
75
131
62
100
-1
EOF
