NAME : tsp_problem.462372.tour
COMMENT : Length = 462372
COMMENT : Found by LKH [Keld Helsgaun] Sat Mar 29 16:38:50 2025
TYPE : TOUR
DIMENSION : 144
TOUR_SECTION
1
88
90
11
77
18
125
81
54
4
132
144
66
59
143
104
68
15
131
2
120
17
13
118
40
106
102
20
37
32
128
93
97
57
99
134
94
21
70
9
76
38
30
142
91
141
116
80
100
45
52
61
95
113
75
119
50
10
72
129
130
51
92
12
84
35
79
56
55
48
24
5
23
62
89
83
60
33
25
39
105
42
136
108
107
78
65
46
7
27
135
31
121
26
82
64
49
117
29
22
14
67
53
8
123
34
112
36
138
98
87
133
47
140
122
127
28
16
19
41
103
139
96
114
3
73
6
101
86
126
69
110
85
71
137
115
111
124
44
43
58
63
74
109
-1
EOF
