NAME : tsp_problem.431620.tour
COMMENT : Length = 431620
COMMENT : Found by LKH [Keld Helsgaun] Sat Mar 29 16:39:26 2025
TYPE : TOUR
DIMENSION : 112
TOUR_SECTION
1
31
62
27
99
28
42
18
101
37
82
39
69
85
35
36
60
73
9
41
97
51
75
81
76
105
3
45
78
40
108
112
38
22
67
63
14
80
33
65
15
61
24
64
58
71
59
102
66
106
17
29
13
90
109
32
5
91
48
79
72
94
50
98
107
70
12
100
93
88
4
16
30
92
44
89
56
74
68
52
19
95
84
2
55
46
54
103
25
20
23
10
77
96
8
6
7
83
53
111
86
87
43
49
21
57
11
26
110
47
34
104
-1
EOF
