NAME : tsp_problem.418725.tour
COMMENT : Length = 418725
COMMENT : Found by LKH [Keld Helsgaun] Sat Mar 29 16:39:01 2025
TYPE : TOUR
DIMENSION : 114
TOUR_SECTION
1
53
79
42
92
57
98
74
38
51
68
39
93
20
19
46
84
94
37
64
90
56
5
105
54
91
12
33
111
22
13
40
30
78
15
89
59
25
26
71
72
103
100
97
101
113
102
112
14
47
110
21
16
83
29
70
61
60
82
45
69
73
32
8
44
24
35
2
7
107
96
11
9
67
109
66
17
99
87
27
18
52
104
4
48
31
23
49
77
76
80
95
88
81
34
10
58
114
28
65
108
55
41
3
106
50
85
62
43
6
36
75
86
63
-1
EOF
