NAME : tsp_problem.452260.tour
COMMENT : Length = 452260
COMMENT : Found by LKH [Keld Helsgaun] Sun Mar 30 20:00:45 2025
TYPE : TOUR
DIMENSION : 118
TOUR_SECTION
1
65
21
84
37
5
107
53
58
70
116
103
83
100
106
93
22
38
49
110
99
91
92
79
47
104
31
52
36
98
80
24
63
94
40
23
13
112
81
7
2
41
105
78
85
33
44
82
75
76
39
29
71
11
25
28
14
48
64
90
111
17
102
68
18
55
114
4
108
30
3
113
56
66
69
60
12
118
89
32
15
96
43
27
51
61
88
74
6
87
62
67
86
9
59
101
20
34
72
73
26
117
95
8
45
115
97
77
54
19
35
50
42
46
10
16
57
109
-1
EOF
