NAME : tsp_problem.451013.tour
COMMENT : Length = 451013
COMMENT : Found by LKH [Keld Helsgaun] Sun Mar 30 20:00:37 2025
TYPE : TOUR
DIMENSION : 112
TOUR_SECTION
1
22
57
96
72
30
70
35
111
86
93
15
49
28
6
52
88
95
45
34
109
53
84
98
7
17
78
103
10
50
51
90
29
25
32
63
56
11
55
102
66
61
31
77
64
42
47
37
71
83
21
18
4
65
92
68
105
33
85
48
81
100
5
69
106
101
19
107
82
108
76
36
104
2
41
110
26
54
94
13
46
112
99
60
16
79
39
38
27
75
20
59
89
3
80
12
9
97
91
58
87
73
14
8
74
67
40
43
23
44
62
24
-1
EOF
