NAME : tsp_problem.497584.tour
COMMENT : Length = 497584
COMMENT : Found by LKH [Keld Helsgaun] Sun Mar 30 20:00:46 2025
TYPE : TOUR
DIMENSION : 146
TOUR_SECTION
1
69
3
95
80
48
78
135
2
146
114
127
12
86
139
26
117
144
10
35
100
8
99
91
41
103
7
130
62
28
131
67
110
106
102
46
13
125
59
44
96
128
66
105
145
72
138
115
137
31
43
141
55
9
38
25
24
108
136
11
107
113
68
134
51
39
121
74
120
83
57
37
85
18
63
17
118
71
5
16
90
87
126
4
20
81
88
54
64
49
119
47
129
140
19
36
40
34
142
143
21
124
76
73
111
101
116
15
27
75
104
33
56
93
22
84
132
79
65
94
77
89
52
58
45
50
42
97
70
14
92
6
109
133
112
53
123
98
29
32
61
122
23
30
60
82
-1
EOF
