NAME : tsp_problem.481366.tour
COMMENT : Length = 481366
COMMENT : Found by LKH [Keld Helsgaun] Fri Mar 28 17:49:24 2025
TYPE : TOUR
DIMENSION : 146
TOUR_SECTION
1
38
115
23
24
47
75
60
105
134
102
14
124
111
81
79
93
57
83
142
19
43
21
129
128
40
135
108
65
62
110
49
3
22
82
64
126
42
55
104
58
76
103
35
85
80
77
52
63
6
59
27
123
141
146
87
67
71
145
117
30
18
56
4
140
136
127
106
25
72
101
33
36
70
29
131
5
112
31
46
132
74
143
99
122
78
7
68
95
89
86
92
88
84
121
125
119
12
37
109
15
91
11
2
97
50
54
61
53
51
130
39
133
113
9
94
73
100
48
137
118
16
116
98
13
107
69
17
28
120
32
66
45
10
96
139
8
26
144
90
41
20
138
44
34
114
-1
EOF
