NAME : tsp_problem.463302.tour
COMMENT : Length = 463302
COMMENT : Found by LKH [Keld Helsgaun] Sun Mar 30 20:00:46 2025
TYPE : TOUR
DIMENSION : 144
TOUR_SECTION
1
17
53
5
125
42
51
138
95
12
13
109
115
16
21
63
64
44
116
24
90
28
71
84
10
37
73
76
8
45
97
46
144
122
112
103
20
23
106
55
72
33
48
40
35
19
43
2
47
77
41
86
134
99
102
22
101
56
62
75
140
123
91
4
129
68
124
65
60
113
74
135
119
11
81
79
139
29
107
15
59
80
87
85
9
6
110
31
137
132
136
114
78
58
118
100
88
3
128
52
14
83
61
130
98
34
32
36
27
92
127
143
54
133
94
120
25
38
117
69
96
111
141
82
131
89
50
142
126
66
57
18
30
7
105
49
121
26
39
67
108
93
104
70
-1
EOF
