NAME : tsp_problem.478783.tour
COMMENT : Length = 478783
COMMENT : Found by LKH [Keld Helsgaun] Sat Mar 29 16:39:32 2025
TYPE : TOUR
DIMENSION : 136
TOUR_SECTION
1
87
53
20
36
33
132
110
54
60
12
27
76
127
75
64
2
135
13
26
136
29
104
15
85
134
32
119
115
107
77
39
19
66
50
79
63
34
7
105
16
112
49
122
100
8
109
116
74
35
128
28
10
95
43
9
55
96
124
126
72
51
37
52
108
82
3
90
5
6
131
106
62
71
93
78
17
102
91
84
68
133
57
59
83
97
24
101
73
4
123
38
88
23
114
121
41
113
99
44
89
45
40
98
22
81
61
67
80
92
58
21
69
65
46
120
86
118
117
14
130
125
47
25
18
111
70
31
103
56
30
129
11
48
42
94
-1
EOF
