NAME : tsp_problem.434303.tour
COMMENT : Length = 434303
COMMENT : Found by LKH [Keld Helsgaun] Sat Mar 29 16:40:00 2025
TYPE : TOUR
DIMENSION : 124
TOUR_SECTION
1
7
58
57
19
75
101
85
89
56
83
98
77
111
71
81
24
23
95
123
94
42
30
27
88
66
18
4
70
73
54
61
51
78
76
48
40
28
43
108
60
26
21
99
12
121
6
91
33
64
69
55
14
13
122
115
106
65
105
20
119
120
41
53
38
44
2
62
49
114
79
39
118
50
59
11
10
72
67
84
102
96
107
35
52
3
113
103
74
16
90
46
8
124
104
5
100
87
22
17
63
25
36
31
34
117
68
9
112
47
109
82
45
116
15
32
29
37
80
86
110
92
97
93
-1
EOF
