NAME : tsp_problem.504171.tour
COMMENT : Length = 504171
COMMENT : Found by LKH [Keld Helsgaun] Thu Apr  3 17:20:11 2025
TYPE : TOUR
DIMENSION : 136
TOUR_SECTION
1
36
97
103
91
104
76
24
70
78
95
92
60
53
106
113
37
119
13
47
19
116
133
72
49
125
79
69
121
9
35
130
136
114
74
57
127
87
28
25
8
16
66
99
52
22
98
81
10
115
110
46
41
59
80
62
124
126
30
122
68
5
83
14
31
34
65
71
131
39
82
58
96
100
48
63
26
120
102
101
38
11
44
7
111
93
18
108
40
27
132
67
94
128
42
56
4
15
45
86
64
6
88
3
75
105
112
135
129
2
123
77
85
109
54
107
51
134
32
29
23
73
117
55
90
43
20
21
17
12
33
84
61
50
118
89
-1
EOF
