NAME : tsp_problem.429380.tour
COMMENT : Length = 429380
COMMENT : Found by LKH [Keld Helsgaun] Sat Mar 29 16:39:50 2025
TYPE : TOUR
DIMENSION : 122
TOUR_SECTION
1
4
49
70
25
3
101
84
77
44
117
19
43
27
15
57
75
72
94
109
95
46
39
24
13
85
8
30
12
55
68
113
91
62
73
35
106
61
93
59
7
79
71
29
108
90
58
88
87
81
10
9
74
116
20
110
6
36
31
67
28
56
41
69
52
18
78
102
92
82
119
50
47
80
63
5
53
96
105
37
65
11
99
104
100
38
112
89
118
17
33
48
66
64
16
111
97
103
76
26
86
2
114
42
22
120
45
21
14
23
121
51
107
60
40
34
83
115
54
98
122
32
-1
EOF
