NAME : tsp_problem.496107.tour
COMMENT : Length = 496107
COMMENT : Found by LKH [Keld Helsgaun] Sun Mar 30 20:00:46 2025
TYPE : TOUR
DIMENSION : 140
TOUR_SECTION
1
66
49
78
111
93
83
75
38
79
104
43
69
11
99
118
51
112
91
33
77
52
13
39
34
96
46
100
21
106
131
101
44
6
92
74
48
72
62
53
56
32
88
114
121
9
85
102
86
41
98
103
27
8
5
133
58
90
24
28
57
17
116
47
120
31
140
22
7
37
12
80
23
64
16
45
71
115
59
110
135
20
89
87
122
108
113
105
50
29
42
68
126
65
54
2
109
139
132
63
95
60
125
40
70
4
55
129
76
137
18
136
117
119
10
128
82
67
35
26
14
36
94
123
127
19
124
138
134
81
130
73
30
97
84
25
15
3
61
107
-1
EOF
