NAME : tsp_problem.452271.tour
COMMENT : Length = 452271
COMMENT : Found by LKH [Keld Helsgaun] Fri Mar 28 17:49:22 2025
TYPE : TOUR
DIMENSION : 124
TOUR_SECTION
1
2
26
110
36
14
100
91
22
20
65
116
7
32
103
101
8
54
84
82
79
56
119
24
123
102
66
63
29
53
70
113
95
44
87
78
35
57
109
96
40
37
88
117
115
93
5
73
106
48
77
105
42
41
83
97
74
45
80
28
86
39
17
38
13
3
121
10
49
27
18
15
72
19
62
81
60
51
69
25
50
114
34
11
76
122
23
6
92
104
58
47
64
16
33
99
98
43
85
124
9
108
107
31
30
90
120
68
89
4
75
112
55
94
118
52
46
71
61
21
67
59
111
12
-1
EOF
