NAME : tsp_problem.458340.tour
COMMENT : Length = 458340
COMMENT : Found by LKH [Keld Helsgaun] Fri Mar 28 17:49:14 2025
TYPE : TOUR
DIMENSION : 122
TOUR_SECTION
1
65
20
74
19
101
91
118
25
72
58
76
57
115
75
103
48
21
93
95
104
71
47
122
16
119
121
9
96
33
85
37
89
44
34
32
31
106
84
90
18
51
40
66
12
86
22
3
2
36
49
50
56
87
64
102
83
82
53
13
4
23
92
88
107
120
100
60
108
117
6
98
8
39
7
114
10
24
15
68
105
42
94
77
54
38
112
17
30
11
79
111
97
26
110
27
116
55
109
62
81
28
80
29
52
69
45
78
70
61
59
43
14
5
46
35
41
63
99
113
73
67
-1
EOF
