NAME : tsp_problem.488492.tour
COMMENT : Length = 488492
COMMENT : Found by LKH [Keld Helsgaun] Sun Mar 30 20:00:43 2025
TYPE : TOUR
DIMENSION : 134
TOUR_SECTION
1
108
122
91
8
36
80
24
51
60
68
57
34
133
128
93
90
5
116
63
127
27
126
62
130
38
85
125
94
52
25
81
97
50
46
100
47
89
99
55
75
54
69
64
92
74
14
95
77
42
9
35
87
11
48
86
29
31
10
37
21
56
131
19
43
16
113
58
79
59
78
84
134
6
70
76
26
73
110
28
22
53
32
102
40
114
18
121
61
41
45
23
117
112
118
96
119
71
13
82
107
109
66
2
39
20
44
105
12
7
4
49
30
124
106
15
104
33
83
17
3
111
123
65
132
101
129
98
103
115
67
88
72
120
-1
EOF
