NAME : tsp_problem.485012.tour
COMMENT : Length = 485012
COMMENT : Found by LKH [Keld Helsgaun] Sun Mar 30 20:00:40 2025
TYPE : TOUR
DIMENSION : 146
TOUR_SECTION
1
15
123
64
2
34
112
120
45
25
80
47
124
144
46
108
52
101
21
39
133
30
85
14
68
75
95
29
24
3
110
125
98
86
65
53
9
132
88
91
37
118
16
4
20
84
140
8
83
138
103
93
142
141
113
135
78
79
48
100
72
62
51
117
119
22
63
134
27
43
81
126
94
60
26
99
105
50
23
109
107
121
145
49
71
106
67
129
69
19
116
13
96
58
77
90
7
44
143
66
5
11
28
111
89
97
128
6
131
122
76
136
74
31
70
54
115
87
137
10
127
130
35
12
102
146
57
55
38
18
32
104
114
56
92
73
36
59
17
139
82
33
61
41
40
42
-1
EOF
