NAME : tsp_problem.467217.tour
COMMENT : Length = 467217
COMMENT : Found by LKH [Keld Helsgaun] Sat Mar 29 16:38:54 2025
TYPE : TOUR
DIMENSION : 126
TOUR_SECTION
1
25
72
73
53
36
112
96
58
75
80
44
18
64
70
45
71
83
120
98
66
100
14
103
7
106
76
68
117
10
125
40
6
95
91
50
11
9
16
84
8
104
107
51
92
81
31
116
88
59
54
85
122
24
13
60
49
47
52
89
113
3
37
5
17
87
94
34
119
23
105
15
108
74
102
124
67
43
99
101
77
63
19
111
82
69
48
126
65
121
62
12
22
30
26
97
39
56
2
55
109
38
46
57
41
78
29
90
86
79
20
27
32
42
118
110
33
123
28
114
93
115
35
21
4
61
-1
EOF
