NAME : tsp_problem.430318.tour
COMMENT : Length = 430318
COMMENT : Found by LKH [Keld Helsgaun] Sun Mar 30 20:00:43 2025
TYPE : TOUR
DIMENSION : 116
TOUR_SECTION
1
25
70
9
63
27
115
55
94
13
102
76
67
78
116
35
111
88
4
6
84
21
90
52
43
41
54
99
33
40
97
56
66
100
60
2
82
95
74
47
80
114
53
57
49
79
58
37
85
87
44
20
107
18
38
92
28
98
11
17
81
42
68
8
69
59
77
22
23
86
31
71
12
24
39
51
103
16
83
89
46
32
26
14
72
15
101
93
45
3
73
50
5
34
91
109
104
96
108
105
7
61
29
64
113
110
62
19
112
65
10
106
75
36
48
30
-1
EOF
