NAME : tsp_problem.453677.tour
COMMENT : Length = 453677
COMMENT : Found by LKH [Keld Helsgaun] Sat Mar 29 16:39:24 2025
TYPE : TOUR
DIMENSION : 126
TOUR_SECTION
1
61
37
83
57
78
90
108
48
95
59
45
24
87
44
89
88
96
98
10
118
120
97
11
49
29
16
114
119
60
123
21
43
117
36
4
33
27
74
55
103
106
23
94
34
12
80
53
84
47
40
79
109
35
66
14
122
72
65
13
75
70
62
7
2
82
115
113
31
6
93
110
126
56
52
30
67
92
42
112
41
15
5
22
124
54
111
25
101
102
100
63
71
76
46
3
51
32
8
50
20
73
17
91
19
18
105
104
81
28
68
38
116
39
26
69
9
99
125
86
64
58
121
77
85
107
-1
EOF
