NAME : tsp_problem.506062.tour
COMMENT : Length = 506062
COMMENT : Found by LKH [Keld Helsgaun] Fri Mar 28 17:49:16 2025
TYPE : TOUR
DIMENSION : 132
TOUR_SECTION
1
68
5
107
37
92
85
39
9
48
50
43
128
126
124
99
132
125
100
73
11
89
76
14
6
49
23
109
119
22
47
35
74
86
55
3
16
26
21
58
27
36
77
7
52
104
95
62
101
18
13
24
60
110
10
131
70
114
94
118
102
72
2
65
19
75
79
42
57
15
123
30
98
115
71
105
56
122
38
103
67
69
32
112
45
96
108
121
116
61
20
33
63
12
83
8
29
111
51
80
66
59
28
93
64
34
91
78
44
130
106
117
40
41
17
46
113
82
31
4
90
53
127
54
25
120
97
88
87
81
129
84
-1
EOF
