NAME : tsp_problem.493002.tour
COMMENT : Length = 493002
COMMENT : Found by LKH [Keld Helsgaun] Fri Mar 28 17:49:14 2025
TYPE : TOUR
DIMENSION : 140
TOUR_SECTION
1
3
90
38
52
13
88
100
20
125
80
42
86
112
104
40
113
43
27
55
75
64
56
126
134
67
102
92
28
34
68
132
19
71
79
93
9
76
33
137
4
16
95
119
58
121
50
129
14
110
106
70
30
37
118
39
8
124
11
45
23
32
61
99
122
25
96
65
115
116
131
127
60
138
5
123
74
89
128
130
21
26
139
81
120
77
140
84
94
66
103
59
108
133
85
36
72
69
82
15
51
6
12
78
101
107
53
97
105
10
87
2
135
63
98
17
109
35
54
7
24
83
44
91
31
111
48
117
49
29
18
62
22
114
47
57
136
41
46
73
-1
EOF
