NAME : tsp_problem.470032.tour
COMMENT : Length = 470032
COMMENT : Found by LKH [Keld Helsgaun] Sun Mar 30 20:00:46 2025
TYPE : TOUR
DIMENSION : 136
TOUR_SECTION
1
36
87
21
15
75
100
29
41
114
66
81
68
17
23
54
56
104
97
16
96
92
50
25
132
35
118
128
57
63
60
117
99
6
40
112
20
47
89
125
3
27
108
39
136
46
45
51
94
9
65
98
74
7
42
34
123
135
64
122
95
85
71
53
93
107
130
38
80
129
58
55
90
110
44
5
86
127
115
67
11
14
2
26
120
109
28
12
22
30
52
105
69
116
77
119
19
121
124
134
33
37
126
82
76
72
78
79
43
61
102
103
91
101
88
4
83
111
73
13
24
131
18
10
8
106
49
70
31
113
59
48
133
62
32
84
-1
EOF
