NAME : tsp_problem.434346.tour
COMMENT : Length = 434346
COMMENT : Found by LKH [Keld Helsgaun] Thu Apr  3 17:20:09 2025
TYPE : TOUR
DIMENSION : 134
TOUR_SECTION
1
54
23
72
14
19
108
10
6
93
8
78
37
24
25
91
53
110
28
48
61
41
63
98
118
82
114
92
80
133
35
40
16
39
132
3
97
102
5
75
32
134
66
52
7
88
43
46
17
74
44
60
101
27
73
56
96
36
33
81
58
76
65
70
57
85
38
95
59
107
11
86
51
47
67
87
121
127
9
77
129
49
42
104
106
79
12
125
83
120
94
100
69
89
21
113
131
2
128
29
124
68
112
31
130
123
62
15
45
119
103
116
4
117
20
115
22
64
55
105
111
18
99
34
13
26
84
90
50
122
71
109
30
126
-1
EOF
