NAME : tsp_problem.418893.tour
COMMENT : Length = 418893
COMMENT : Found by LKH [Keld Helsgaun] Sun Mar 30 20:00:41 2025
TYPE : TOUR
DIMENSION : 110
TOUR_SECTION
1
35
3
100
99
65
73
75
58
77
54
5
53
91
15
25
41
20
9
4
39
59
36
105
51
24
71
107
68
42
13
93
66
32
72
27
92
44
60
49
18
29
48
22
109
80
96
2
62
8
34
94
98
87
45
83
69
31
37
52
12
104
108
74
56
64
46
95
10
38
19
14
28
33
7
103
40
16
67
57
63
47
89
30
90
106
26
6
43
97
21
85
61
50
102
78
79
101
110
11
70
84
86
81
76
88
17
55
23
82
-1
EOF
