NAME : tsp_problem.467970.tour
COMMENT : Length = 467970
COMMENT : Found by LKH [Keld Helsgaun] Thu Apr  3 17:20:10 2025
TYPE : TOUR
DIMENSION : 142
TOUR_SECTION
1
132
141
118
100
13
104
109
90
19
58
23
36
112
12
52
120
70
30
125
59
27
68
99
117
83
138
85
105
81
11
40
101
113
2
129
96
21
33
31
41
71
65
16
34
45
72
55
115
4
121
66
89
126
62
20
130
86
94
60
110
35
75
69
142
37
25
49
48
107
26
63
7
131
124
24
84
87
22
43
8
123
134
139
88
32
80
95
119
5
6
56
3
97
133
47
73
114
53
39
108
15
103
61
127
18
111
28
9
116
14
91
17
54
42
92
77
44
128
29
137
67
76
82
74
64
46
50
57
51
135
79
38
102
106
98
122
93
140
10
78
136
-1
EOF
