NAME : tsp_problem.435932.tour
COMMENT : Length = 435932
COMMENT : Found by LKH [Keld Helsgaun] Sun Mar 30 20:00:53 2025
TYPE : TOUR
DIMENSION : 126
TOUR_SECTION
1
8
44
39
111
41
11
38
52
50
105
55
86
70
54
79
76
100
2
63
60
113
87
126
114
51
25
29
85
69
10
84
116
121
97
80
78
35
68
115
26
64
95
119
122
40
123
19
15
46
45
124
65
112
77
6
32
107
66
117
101
36
42
14
72
58
75
96
71
106
89
57
23
94
37
125
90
92
16
67
33
98
102
56
81
48
91
7
104
53
103
28
47
24
99
17
83
62
3
74
61
31
73
18
82
120
4
93
30
20
5
9
22
21
43
12
34
109
49
27
13
88
118
59
108
110
-1
EOF
