NAME : tsp_problem.450372.tour
COMMENT : Length = 450372
COMMENT : Found by LKH [Keld Helsgaun] Sat Mar 29 16:39:30 2025
TYPE : TOUR
DIMENSION : 116
TOUR_SECTION
1
23
51
66
89
11
52
90
79
28
109
96
41
88
34
60
71
6
20
18
70
68
42
56
32
45
58
47
50
26
16
61
48
105
110
92
5
40
2
106
67
99
112
43
7
98
25
12
114
27
10
9
85
31
64
15
84
103
13
17
36
65
69
37
54
72
113
22
55
100
108
80
21
30
35
95
73
115
102
19
39
78
44
76
77
59
107
57
91
93
82
8
62
49
29
63
3
33
94
75
24
53
74
101
87
81
116
97
104
111
83
46
14
4
86
38
-1
EOF
