NAME : tsp_problem.454267.tour
COMMENT : Length = 454267
COMMENT : Found by LKH [Keld Helsgaun] Sun Mar 30 20:00:44 2025
TYPE : TOUR
DIMENSION : 110
TOUR_SECTION
1
36
81
3
110
60
50
94
9
21
75
58
41
35
22
27
93
26
33
68
80
76
64
14
79
28
69
103
97
62
108
92
42
57
61
48
99
83
84
95
51
52
73
20
46
70
78
23
34
16
5
106
29
72
30
53
55
19
6
11
102
13
98
31
40
56
39
4
88
100
18
15
44
24
10
82
49
54
8
65
32
89
38
25
77
71
87
90
96
63
105
7
17
12
91
45
74
2
59
85
101
66
43
47
107
37
104
109
67
86
-1
EOF
