NAME : tsp_problem.489333.tour
COMMENT : Length = 489333
COMMENT : Found by LKH [Keld Helsgaun] Fri Mar 28 17:49:23 2025
TYPE : TOUR
DIMENSION : 138
TOUR_SECTION
1
50
24
15
104
98
47
40
62
99
39
74
67
112
88
130
26
96
90
6
14
19
116
105
71
34
123
86
12
56
129
95
38
76
134
44
122
75
28
138
69
2
70
27
30
59
22
3
131
17
73
37
79
97
5
60
33
127
77
85
102
101
25
72
136
92
54
53
52
31
113
4
48
94
87
29
132
103
32
46
82
114
35
63
109
41
57
49
66
61
137
128
120
45
80
89
51
125
64
115
13
7
106
119
81
55
23
9
93
121
117
58
16
18
118
84
42
20
11
21
83
107
133
91
68
100
10
36
8
126
65
124
111
108
43
110
135
78
-1
EOF
