NAME : tsp_problem.468877.tour
COMMENT : Length = 468877
COMMENT : Found by LKH [Keld Helsgaun] Sun Mar 30 20:00:48 2025
TYPE : TOUR
DIMENSION : 134
TOUR_SECTION
1
5
93
110
53
57
3
116
74
127
123
46
55
97
39
24
84
88
26
125
8
4
23
109
64
6
114
73
13
66
80
72
43
28
90
60
47
35
11
65
63
108
102
36
69
38
49
124
118
96
126
132
115
104
62
107
89
30
37
22
121
58
59
131
87
119
40
16
120
7
18
12
122
51
106
105
113
134
70
111
32
130
17
81
83
48
15
68
112
56
25
9
52
21
31
20
94
100
76
33
14
99
78
34
45
75
61
44
41
29
42
133
103
77
95
98
128
71
82
79
92
19
85
27
117
10
101
91
2
86
50
129
67
54
-1
EOF
