NAME : tsp_problem.491393.tour
COMMENT : Length = 491393
COMMENT : Found by LKH [Keld Helsgaun] Sun Mar 30 20:00:45 2025
TYPE : TOUR
DIMENSION : 138
TOUR_SECTION
1
48
114
16
77
125
83
18
130
40
132
51
60
6
20
38
8
99
110
117
2
61
107
128
137
63
92
100
76
14
19
34
73
122
109
30
31
105
33
96
79
59
78
17
113
87
4
138
29
46
123
81
116
103
64
12
5
82
32
23
104
13
22
65
69
44
124
98
119
112
26
52
50
126
102
133
27
94
9
118
106
91
45
21
115
134
43
89
25
10
62
53
54
97
41
66
101
72
136
15
24
90
71
127
129
36
67
121
55
80
111
35
93
42
58
3
47
85
88
68
11
37
7
28
108
75
57
70
84
49
135
74
39
56
131
95
120
86
-1
EOF
