NAME : tsp_problem.432701.tour
COMMENT : Length = 432701
COMMENT : Found by LKH [Keld Helsgaun] Fri Mar 28 17:49:25 2025
TYPE : TOUR
DIMENSION : 112
TOUR_SECTION
1
23
68
44
91
105
71
42
112
88
102
74
47
48
5
55
22
87
19
2
14
95
85
8
90
30
57
43
12
26
70
77
39
65
36
11
84
34
97
61
103
73
35
64
49
110
108
41
100
29
17
7
10
82
24
69
80
9
46
66
31
38
60
58
109
83
50
53
40
99
93
67
13
106
4
6
107
96
72
3
27
16
101
25
45
15
86
79
62
104
76
75
33
51
54
78
92
94
111
28
56
59
32
18
63
21
20
37
52
98
81
89
-1
EOF
