NAME : tsp_problem.502835.tour
COMMENT : Length = 502835
COMMENT : Found by LKH [Keld Helsgaun] Fri Mar 28 17:49:20 2025
TYPE : TOUR
DIMENSION : 144
TOUR_SECTION
1
42
119
132
105
144
111
40
4
18
108
19
22
38
72
81
139
26
49
9
20
23
59
98
52
5
14
125
141
107
136
78
51
60
92
7
91
142
77
124
85
127
94
116
118
62
47
71
2
25
110
120
24
106
55
30
58
29
37
6
113
96
112
31
117
130
68
102
122
16
63
17
75
93
90
101
80
70
65
100
67
82
83
11
135
32
114
89
76
12
84
64
44
45
79
115
28
99
56
73
54
27
61
69
123
50
121
10
126
128
133
74
140
138
137
86
134
46
33
3
15
97
8
103
41
35
143
129
66
36
109
131
95
87
13
104
39
88
43
48
57
21
34
53
-1
EOF
