NAME : tsp_problem.478040.tour
COMMENT : Length = 478040
COMMENT : Found by LKH [Keld Helsgaun] Fri Mar 28 17:49:19 2025
TYPE : TOUR
DIMENSION : 110
TOUR_SECTION
1
84
40
46
52
19
61
98
44
59
95
89
83
20
68
100
78
70
13
32
23
57
66
35
69
17
25
15
108
37
45
5
94
72
88
75
93
11
60
4
103
81
58
76
96
47
79
74
7
36
54
107
53
3
86
106
31
18
33
91
8
63
51
22
90
55
110
82
109
73
43
38
65
29
48
34
80
71
16
67
28
97
41
105
92
104
99
6
12
30
77
42
26
2
49
14
27
85
24
56
10
21
39
87
64
62
50
9
101
102
-1
EOF
