NAME : tsp_problem.496456.tour
COMMENT : Length = 496456
COMMENT : Found by LKH [Keld Helsgaun] Sat Mar 29 16:38:56 2025
TYPE : TOUR
DIMENSION : 130
TOUR_SECTION
1
81
20
37
59
104
111
4
19
66
83
122
80
103
34
70
13
54
120
39
127
118
27
43
88
68
3
18
84
44
26
7
50
5
12
101
126
108
64
79
72
22
106
57
6
24
93
128
62
53
51
110
130
75
21
23
8
114
2
96
73
92
71
119
15
35
78
30
98
52
117
55
16
109
17
25
76
14
58
77
85
123
124
91
11
90
36
69
28
60
82
63
105
42
74
32
56
61
121
10
9
97
40
100
38
94
125
65
31
47
29
48
95
49
89
112
99
45
113
102
86
87
41
129
46
116
115
33
67
107
-1
EOF
