NAME : tsp_problem.448616.tour
COMMENT : Length = 448616
COMMENT : Found by LKH [Keld Helsgaun] Sat Mar 29 16:39:07 2025
TYPE : TOUR
DIMENSION : 126
TOUR_SECTION
1
22
51
114
25
48
16
119
70
87
44
6
29
23
105
63
116
50
97
59
43
9
53
84
55
10
24
20
101
100
88
61
49
66
67
123
104
17
94
7
108
8
32
102
91
83
40
89
56
74
12
112
80
28
35
98
47
11
107
14
75
71
27
73
118
76
68
52
34
95
126
113
30
15
90
37
46
65
120
31
96
110
69
125
111
26
109
85
60
122
64
54
72
77
57
42
121
18
92
124
82
4
117
78
81
41
3
79
19
2
13
99
62
36
115
86
106
39
5
103
21
38
45
33
58
93
-1
EOF
