NAME : tsp_problem.482966.tour
COMMENT : Length = 482966
COMMENT : Found by LKH [Keld Helsgaun] Sun Mar 30 20:00:43 2025
TYPE : TOUR
DIMENSION : 134
TOUR_SECTION
1
24
123
33
134
68
65
58
95
133
5
18
6
35
38
113
57
46
104
91
128
83
130
11
116
39
14
32
103
115
31
120
55
29
22
52
12
62
118
16
20
96
9
94
122
64
10
23
2
82
77
87
56
50
37
70
98
44
59
132
73
41
117
114
105
3
69
34
81
66
90
53
127
101
17
99
131
8
84
74
48
78
63
121
19
4
125
26
67
89
49
79
110
54
40
85
28
100
72
7
92
13
15
25
86
27
124
36
126
93
102
42
71
60
88
106
43
107
61
45
97
119
108
112
109
76
47
80
30
129
51
21
111
75
-1
EOF
