NAME : tsp_problem.469684.tour
COMMENT : Length = 469684
COMMENT : Found by LKH [Keld Helsgaun] Thu Apr  3 17:20:02 2025
TYPE : TOUR
DIMENSION : 130
TOUR_SECTION
1
57
60
77
65
10
88
84
118
31
89
124
83
49
13
34
3
74
78
48
32
53
76
94
47
28
42
37
109
24
104
112
103
75
99
11
82
101
116
16
22
123
106
105
55
125
15
68
40
52
30
129
66
21
39
64
107
27
20
51
85
38
100
26
18
117
108
114
70
96
71
63
127
92
56
29
23
36
115
61
5
12
8
91
113
69
72
122
81
93
67
126
44
128
58
90
50
102
87
86
98
33
59
130
110
17
35
4
43
19
45
80
62
119
111
41
54
120
7
46
97
6
9
79
25
14
95
73
2
121
-1
EOF
