NAME : tsp_problem.469435.tour
COMMENT : Length = 469435
COMMENT : Found by LKH [Keld Helsgaun] Sun Mar 30 20:00:41 2025
TYPE : TOUR
DIMENSION : 120
TOUR_SECTION
1
70
103
100
65
7
18
11
92
71
86
55
52
40
56
33
3
67
120
30
31
54
88
101
41
91
66
53
15
9
39
108
37
24
76
110
72
68
38
99
46
45
44
59
62
89
10
28
77
14
85
93
8
50
73
20
21
5
75
22
48
17
4
6
47
19
107
60
94
74
97
115
118
106
25
78
34
49
35
95
64
58
2
84
90
29
116
13
83
36
81
105
57
96
102
109
114
82
98
113
26
16
119
61
63
69
111
79
112
12
42
87
32
51
104
23
27
80
43
117
-1
EOF
