NAME : tsp_problem.468058.tour
COMMENT : Length = 468058
COMMENT : Found by LKH [Keld Helsgaun] Sat Mar 29 16:39:32 2025
TYPE : TOUR
DIMENSION : 118
TOUR_SECTION
1
15
46
28
92
93
97
55
5
81
94
78
12
80
51
108
89
59
111
48
37
114
42
67
36
52
18
14
3
69
77
72
11
110
82
95
99
23
58
104
62
7
49
57
33
117
85
84
2
21
60
91
6
40
101
34
64
35
88
27
47
32
44
38
54
4
16
9
17
50
43
73
19
8
10
103
13
61
63
65
39
74
68
41
87
96
113
76
106
118
20
115
56
100
45
116
53
29
90
71
102
26
75
79
31
25
105
66
30
83
24
109
112
22
70
107
98
86
-1
EOF
