NAME : tsp_problem.466218.tour
COMMENT : Length = 466218
COMMENT : Found by LKH [Keld Helsgaun] Thu Apr  3 17:20:08 2025
TYPE : TOUR
DIMENSION : 112
TOUR_SECTION
1
64
22
7
73
106
15
77
17
100
11
108
31
26
10
79
89
40
93
12
66
38
78
19
20
70
67
41
55
71
62
101
72
4
65
2
80
36
92
63
85
46
58
96
25
61
68
42
81
18
48
102
91
44
75
32
28
47
13
76
33
3
24
103
14
83
49
59
98
54
35
69
50
105
29
5
45
27
9
34
109
112
111
84
21
52
37
23
107
43
86
57
8
87
74
99
110
90
56
94
16
6
95
39
60
30
97
104
51
82
53
88
-1
EOF
