NAME : tsp_problem.454825.tour
COMMENT : Length = 454825
COMMENT : Found by LKH [Keld Helsgaun] Thu Apr  3 17:20:03 2025
TYPE : TOUR
DIMENSION : 114
TOUR_SECTION
1
65
100
29
113
104
34
69
2
93
32
24
54
73
87
110
67
5
97
94
3
44
90
18
25
114
33
38
17
43
59
77
52
80
103
55
6
4
36
64
15
12
51
79
76
39
28
20
107
22
98
60
45
14
102
50
84
91
8
62
47
66
71
61
40
96
108
37
101
83
82
16
35
95
106
63
21
53
57
41
7
109
30
75
72
112
111
92
23
58
31
70
9
11
88
26
105
27
46
42
48
99
81
19
74
89
78
49
56
13
86
10
85
68
-1
EOF
