NAME : tsp_problem.466154.tour
COMMENT : Length = 466154
COMMENT : Found by LKH [Keld Helsgaun] Thu Apr  3 17:20:01 2025
TYPE : TOUR
DIMENSION : 124
TOUR_SECTION
1
41
80
62
82
87
100
105
48
94
74
101
3
11
89
61
14
22
76
34
122
27
23
73
6
45
5
98
39
77
58
97
84
114
42
112
107
83
79
12
46
65
88
99
55
47
71
9
15
60
43
123
56
90
102
86
95
35
75
57
25
113
69
119
32
17
81
28
68
53
13
72
117
52
124
93
8
63
50
111
85
10
103
30
49
18
16
64
51
2
44
7
121
116
4
20
37
120
31
70
38
106
110
96
66
78
104
67
115
19
40
29
21
33
26
24
108
59
36
91
118
54
109
92
-1
EOF
