NAME : tsp_problem.479751.tour
COMMENT : Length = 479751
COMMENT : Found by LKH [Keld Helsgaun] Sun Mar 30 20:00:39 2025
TYPE : TOUR
DIMENSION : 138
TOUR_SECTION
1
20
62
136
44
75
99
98
83
115
35
73
124
59
46
78
50
6
18
11
114
106
121
126
37
26
79
107
82
77
129
68
104
93
108
92
131
27
113
19
71
57
25
134
9
105
100
67
86
54
101
41
5
128
112
58
43
111
60
38
51
21
135
84
4
29
13
122
17
94
95
10
23
45
14
63
109
88
65
2
55
61
56
85
116
87
66
31
28
40
30
138
118
137
125
15
72
90
132
97
123
81
53
89
3
47
33
91
22
119
7
39
69
8
80
96
103
48
102
127
32
76
24
117
130
74
120
49
16
133
52
36
34
64
12
70
110
42
-1
EOF
