NAME : tsp_problem.457732.tour
COMMENT : Length = 457732
COMMENT : Found by LKH [Keld Helsgaun] Sat Mar 29 16:39:44 2025
TYPE : TOUR
DIMENSION : 132
TOUR_SECTION
1
65
93
79
24
50
40
96
121
27
10
44
8
70
76
112
83
73
30
17
31
19
49
15
59
113
57
98
130
35
23
116
71
45
2
29
16
95
52
105
68
132
38
3
85
131
41
66
42
62
11
47
114
120
81
124
48
36
74
51
106
34
64
26
129
115
12
56
88
9
126
21
54
102
46
6
118
58
127
125
25
110
75
92
99
39
108
69
111
104
82
86
87
107
117
67
32
122
123
84
119
61
100
97
7
77
55
18
4
37
5
80
60
14
53
78
20
94
101
89
72
28
33
103
43
13
109
63
90
128
22
91
-1
EOF
