NAME : tsp_problem.457040.tour
COMMENT : Length = 457040
COMMENT : Found by LKH [Keld Helsgaun] Sat Mar 29 16:39:38 2025
TYPE : TOUR
DIMENSION : 128
TOUR_SECTION
1
25
41
67
73
78
30
15
39
75
90
53
125
59
95
100
31
20
64
96
81
24
123
77
111
63
112
48
33
106
28
105
110
58
16
76
74
61
21
80
50
71
116
34
23
113
60
86
42
46
22
120
35
124
44
85
121
5
82
6
66
69
38
126
3
119
43
118
7
45
65
47
14
4
2
109
36
102
68
49
57
98
19
8
97
83
84
72
117
89
104
62
108
70
91
107
9
79
27
37
32
94
101
115
56
51
17
92
55
11
122
52
99
13
114
18
93
87
12
127
128
103
54
29
40
88
10
26
-1
EOF
