NAME : tsp_problem.455376.tour
COMMENT : Length = 455376
COMMENT : Found by LKH [Keld Helsgaun] Fri Mar 28 17:49:13 2025
TYPE : TOUR
DIMENSION : 120
TOUR_SECTION
1
14
22
57
89
87
12
50
85
88
7
81
11
119
28
60
98
79
48
115
96
4
39
5
41
108
114
74
21
58
13
10
2
46
43
118
6
106
66
104
67
25
47
35
110
40
23
33
103
34
54
75
111
69
20
37
30
8
9
72
18
16
120
32
24
64
97
73
65
93
44
105
84
59
27
26
94
51
56
45
112
31
36
90
78
109
49
55
99
17
3
77
61
83
95
101
15
68
102
38
53
29
19
91
100
116
70
71
63
52
62
76
92
82
86
42
80
117
107
113
-1
EOF
