NAME : tsp_problem.423034.tour
COMMENT : Length = 423034
COMMENT : Found by LKH [Keld Helsgaun] Fri Mar 28 17:49:15 2025
TYPE : TOUR
DIMENSION : 140
TOUR_SECTION
1
119
45
86
11
69
102
55
82
120
46
13
49
107
88
104
89
109
64
59
54
58
48
43
41
16
125
77
68
100
33
35
70
137
124
79
83
61
80
139
122
110
116
99
129
67
22
121
135
8
127
91
98
133
132
105
40
136
51
31
39
111
75
94
117
123
85
92
66
63
47
17
34
101
81
103
87
37
78
140
73
52
23
14
9
90
21
113
108
106
27
7
76
12
56
50
115
10
36
60
84
96
30
128
20
29
38
26
3
72
2
65
4
19
131
42
25
118
134
112
28
97
5
18
93
53
126
15
74
44
138
6
62
71
95
24
114
32
57
130
-1
EOF
