NAME : tsp_problem.465508.tour
COMMENT : Length = 465508
COMMENT : Found by LKH [Keld Helsgaun] Sat Mar 29 16:39:53 2025
TYPE : TOUR
DIMENSION : 132
TOUR_SECTION
1
7
32
18
46
56
129
48
69
80
131
59
88
79
132
73
110
105
124
103
97
130
120
91
70
19
117
15
34
90
125
95
104
6
102
115
42
31
45
113
44
35
53
78
76
27
49
20
119
83
64
9
126
52
81
68
22
58
89
16
111
93
36
4
47
11
112
2
25
86
57
23
51
127
84
96
66
50
10
65
60
37
63
122
99
43
41
67
17
85
128
123
38
8
55
14
26
118
29
100
21
71
30
116
92
61
62
121
75
28
72
12
87
101
40
33
77
74
106
108
82
3
98
54
5
24
109
114
39
13
94
107
-1
EOF
