NAME : tsp_problem.466478.tour
COMMENT : Length = 466478
COMMENT : Found by LKH [Keld Helsgaun] Fri Mar 28 17:49:19 2025
TYPE : TOUR
DIMENSION : 132
TOUR_SECTION
1
72
92
48
13
85
39
35
119
19
93
60
66
34
26
98
70
131
49
78
28
53
76
91
83
12
100
52
45
101
90
10
84
75
126
61
22
81
8
3
17
43
97
106
73
23
124
11
122
69
59
64
120
32
5
109
114
57
67
18
9
79
56
46
24
86
40
94
25
30
82
20
117
110
102
36
14
108
71
95
44
99
29
132
33
116
37
7
31
118
105
113
58
128
104
89
51
16
42
6
15
111
130
63
21
55
38
115
68
65
47
62
112
129
74
125
123
121
4
41
27
2
127
80
96
107
54
50
87
88
77
103
-1
EOF
