NAME : tsp_problem.435363.tour
COMMENT : Length = 435363
COMMENT : Found by LKH [Keld Helsgaun] Fri Mar 28 17:49:15 2025
TYPE : TOUR
DIMENSION : 122
TOUR_SECTION
1
21
111
110
56
47
43
60
52
86
73
96
11
40
88
53
104
115
58
6
69
48
116
29
93
106
120
14
98
26
91
119
10
45
20
39
61
50
66
76
75
105
112
18
114
7
2
31
27
8
59
72
57
103
95
80
68
44
41
13
109
89
23
81
87
37
38
9
46
55
94
107
121
77
64
25
5
35
100
36
63
85
99
97
84
30
17
122
49
82
4
16
79
24
22
51
102
108
32
118
71
54
3
33
70
65
78
15
12
117
83
74
28
67
62
92
42
34
113
90
19
101
-1
EOF
