NAME : tsp_problem.461488.tour
COMMENT : Length = 461488
COMMENT : Found by LKH [Keld Helsgaun] Thu Apr  3 17:20:07 2025
TYPE : TOUR
DIMENSION : 148
TOUR_SECTION
1
42
136
46
7
75
44
40
86
66
119
110
8
64
117
13
31
137
108
101
118
95
147
121
143
9
63
142
112
22
73
114
30
43
56
35
92
33
20
84
53
126
74
29
94
47
18
103
34
78
130
99
81
39
48
139
23
109
134
71
36
128
12
91
90
135
15
113
67
115
93
38
129
133
76
123
50
21
27
19
98
68
127
124
82
28
51
132
72
102
144
146
10
24
32
122
58
125
6
17
116
96
145
16
106
55
120
83
49
69
138
97
77
62
105
104
70
85
14
148
140
26
60
59
52
87
25
141
80
41
65
111
5
4
37
79
57
131
88
100
11
89
45
107
3
61
2
54
-1
EOF
