NAME : tsp_problem.487762.tour
COMMENT : Length = 487762
COMMENT : Found by LKH [Keld Helsgaun] Thu Apr  3 17:19:59 2025
TYPE : TOUR
DIMENSION : 146
TOUR_SECTION
1
62
145
11
59
41
91
10
135
108
9
92
39
83
16
7
121
21
85
50
126
122
139
36
56
102
95
12
37
27
55
63
127
104
80
42
133
78
74
19
73
94
20
115
101
119
49
138
107
103
76
89
4
86
40
47
70
30
143
93
81
2
75
28
67
114
54
137
77
123
58
82
14
35
98
88
25
64
34
132
18
99
125
118
144
96
43
134
31
44
124
51
128
111
131
120
100
72
24
60
38
17
106
141
136
13
53
57
6
15
33
5
69
84
3
110
109
90
45
32
87
46
68
8
22
97
26
129
48
105
52
61
140
142
146
113
112
116
117
29
23
79
71
66
130
65
-1
EOF
