NAME : tsp_problem.472169.tour
COMMENT : Length = 472169
COMMENT : Found by LKH [Keld Helsgaun] Thu Apr  3 17:19:58 2025
TYPE : TOUR
DIMENSION : 114
TOUR_SECTION
1
17
62
72
39
25
90
9
36
18
99
37
112
103
59
54
86
7
41
30
32
23
34
88
98
65
82
4
80
96
21
3
102
12
106
56
53
11
69
61
85
109
95
16
52
107
35
71
10
70
19
75
15
45
74
44
27
6
111
101
42
31
24
104
55
13
89
73
33
43
92
5
105
51
48
63
110
76
49
57
84
64
58
94
28
47
97
66
81
77
29
26
79
114
113
67
8
14
22
20
40
108
87
91
78
93
68
60
50
2
83
46
38
100
-1
EOF
