NAME : tsp_problem.504770.tour
COMMENT : Length = 504770
COMMENT : Found by LKH [Keld Helsgaun] Thu Apr  3 17:20:02 2025
TYPE : TOUR
DIMENSION : 144
TOUR_SECTION
1
75
125
80
9
132
35
119
116
95
72
5
56
44
140
113
29
36
22
14
66
3
118
78
60
122
53
96
102
130
107
79
69
23
10
40
31
38
112
46
117
45
123
104
88
24
54
57
8
83
98
2
33
58
6
139
74
103
134
97
109
120
87
76
27
50
67
77
7
41
82
110
68
18
12
137
34
133
100
32
131
30
4
101
20
48
19
92
21
108
47
129
43
16
144
89
13
141
26
64
111
15
91
81
114
93
142
37
124
135
106
39
73
85
138
127
70
62
59
49
99
65
63
90
84
42
126
28
136
121
143
52
115
71
94
105
51
55
11
128
61
17
25
86
-1
EOF
