NAME : tsp_problem.455195.tour
COMMENT : Length = 455195
COMMENT : Found by LKH [Keld Helsgaun] Thu Apr  3 17:20:02 2025
TYPE : TOUR
DIMENSION : 138
TOUR_SECTION
1
65
79
75
74
94
111
81
60
78
97
131
67
101
128
118
71
40
126
108
24
3
59
41
64
100
23
102
54
120
32
125
48
49
8
34
116
18
109
43
51
57
58
50
35
96
69
55
86
90
119
13
36
42
138
15
27
39
4
14
115
7
92
66
30
113
89
31
127
124
22
61
130
72
46
112
63
38
114
121
123
95
21
83
77
82
122
25
12
85
76
98
5
132
70
10
68
44
106
105
135
26
73
62
45
19
99
52
11
9
56
137
29
47
107
88
103
117
16
110
2
104
84
91
53
6
93
17
33
80
20
37
134
28
129
136
133
87
-1
EOF
