NAME : tsp_problem.474096.tour
COMMENT : Length = 474096
COMMENT : Found by LKH [Keld Helsgaun] Sat Mar 29 16:39:25 2025
TYPE : TOUR
DIMENSION : 140
TOUR_SECTION
1
87
77
49
130
133
86
123
40
106
126
16
63
138
27
33
65
70
134
131
102
84
66
124
76
101
13
132
10
122
128
31
90
17
109
121
72
2
140
59
11
81
58
12
85
110
25
73
135
26
36
19
82
53
57
47
74
78
62
115
21
4
60
139
89
55
80
137
64
3
100
75
15
107
41
45
61
52
20
94
7
79
39
108
95
105
97
118
91
116
32
35
43
9
42
129
120
48
8
96
125
24
34
22
68
50
6
127
29
119
37
69
67
114
99
93
111
54
71
38
56
83
112
104
18
5
23
98
46
117
14
28
44
30
51
136
88
103
92
113
-1
EOF
