NAME : tsp_problem.451519.tour
COMMENT : Length = 451519
COMMENT : Found by LKH [Keld Helsgaun] Thu Apr  3 17:20:10 2025
TYPE : TOUR
DIMENSION : 110
TOUR_SECTION
1
92
19
74
100
20
11
5
94
77
15
21
76
61
108
66
16
109
60
27
68
106
86
52
93
26
3
13
70
28
22
30
10
97
75
42
107
64
65
103
98
90
63
36
57
88
99
58
45
71
9
110
23
80
49
50
53
2
14
40
25
46
48
87
69
35
102
85
24
95
34
91
31
82
56
12
73
18
54
84
51
78
62
41
8
59
104
4
37
32
55
47
83
44
29
101
6
43
38
39
67
33
17
81
79
7
72
105
89
96
-1
EOF
