NAME : tsp_problem.505020.tour
COMMENT : Length = 505020
COMMENT : Found by LKH [Keld Helsgaun] Fri Mar 28 17:49:15 2025
TYPE : TOUR
DIMENSION : 148
TOUR_SECTION
1
25
51
120
20
124
139
142
42
16
116
100
117
32
122
9
83
41
73
19
118
90
2
44
95
52
77
63
61
74
96
28
11
113
79
143
67
147
38
81
69
85
22
49
56
89
75
82
43
36
45
13
66
92
146
128
10
40
33
72
99
110
5
27
47
58
105
109
108
71
93
57
106
86
29
84
31
145
62
14
130
7
8
98
78
80
148
129
6
127
23
119
30
138
34
133
140
123
115
125
48
68
12
21
24
101
91
18
131
137
94
112
53
55
107
111
121
136
4
114
35
102
70
50
87
135
126
132
88
3
65
134
141
104
103
17
64
46
60
15
59
144
76
39
26
54
37
97
-1
EOF
