NAME : tsp_problem.519431.tour
COMMENT : Length = 519431
COMMENT : Found by LKH [Keld Helsgaun] Sat Mar 29 16:39:41 2025
TYPE : TOUR
DIMENSION : 146
TOUR_SECTION
1
6
70
64
86
76
128
133
111
37
116
18
61
126
112
99
45
137
98
24
84
2
85
25
141
49
90
103
92
13
109
113
140
74
100
31
104
36
7
108
55
136
33
134
28
82
71
102
26
20
63
68
145
83
32
58
34
23
123
41
114
72
19
39
12
118
10
46
139
97
14
75
50
43
131
52
42
80
30
62
38
77
87
119
17
105
107
130
110
73
48
135
91
40
44
94
3
124
96
65
132
79
125
16
115
143
69
106
8
120
146
29
35
60
144
89
22
129
78
57
47
11
56
53
67
101
66
5
142
138
95
117
88
122
4
15
54
21
9
27
93
81
127
121
51
59
-1
EOF
