NAME : tsp_problem.467483.tour
COMMENT : Length = 467483
COMMENT : Found by LKH [Keld Helsgaun] Sat Mar 29 16:39:01 2025
TYPE : TOUR
DIMENSION : 128
TOUR_SECTION
1
24
68
3
117
69
106
4
11
44
127
122
28
79
114
112
15
39
54
60
51
62
66
22
76
75
92
33
65
91
116
128
49
61
95
20
50
96
119
48
2
90
47
97
81
74
73
120
21
82
12
70
19
89
6
71
115
110
46
101
113
63
121
93
58
17
34
100
118
87
98
124
8
10
67
42
86
7
78
103
13
9
29
126
85
57
31
111
83
107
27
77
88
80
56
123
64
32
94
37
41
38
26
53
36
99
104
35
109
14
125
18
105
23
43
25
5
72
102
40
30
59
55
45
16
52
108
84
-1
EOF
