NAME : tsp_problem.388526.tour
COMMENT : Length = 388526
COMMENT : Found by LKH [Keld Helsgaun] Thu Apr  3 17:20:01 2025
TYPE : TOUR
DIMENSION : 110
TOUR_SECTION
1
60
11
59
30
69
36
82
94
68
40
67
80
22
103
31
63
21
87
38
7
101
81
9
72
26
34
16
50
109
96
57
46
44
8
6
106
32
24
12
39
71
5
47
93
43
54
102
55
28
49
95
52
14
15
23
70
48
45
75
62
99
105
84
18
90
97
85
17
53
92
42
79
56
29
110
37
33
3
13
41
74
19
100
77
10
73
91
58
107
86
89
35
27
108
88
2
20
61
4
76
83
25
98
104
65
64
78
51
66
-1
EOF
