NAME : tsp_problem.460578.tour
COMMENT : Length = 460578
COMMENT : Found by LKH [Keld Helsgaun] Thu Apr  3 17:20:05 2025
TYPE : TOUR
DIMENSION : 116
TOUR_SECTION
1
108
96
107
6
5
99
25
10
21
13
48
17
103
69
40
98
26
23
73
88
46
15
77
80
51
7
37
105
79
97
111
100
8
70
28
47
42
44
24
49
39
82
12
14
87
2
90
34
81
62
78
52
64
92
75
59
19
63
33
60
102
22
95
86
115
9
27
91
29
58
76
93
83
85
104
11
116
30
43
45
16
67
4
20
61
94
68
66
101
72
109
84
65
53
89
38
57
50
106
71
36
56
74
55
32
41
110
31
3
113
112
54
18
35
114
-1
EOF
