NAME : tsp_problem.400072.tour
COMMENT : Length = 400072
COMMENT : Found by LKH [Keld Helsgaun] Thu Apr  3 17:20:01 2025
TYPE : TOUR
DIMENSION : 112
TOUR_SECTION
1
28
33
63
42
26
34
16
8
86
30
14
37
87
51
38
48
68
62
11
112
20
76
58
52
72
27
109
50
24
21
107
94
105
41
55
111
6
103
7
79
44
102
82
31
45
66
57
2
4
97
23
35
93
43
108
110
64
12
69
40
96
10
75
98
90
39
29
5
15
46
80
36
104
13
84
56
88
18
53
61
60
54
74
106
92
25
81
78
101
9
99
67
71
100
83
59
65
77
49
91
3
73
32
22
95
89
47
17
19
70
85
-1
EOF
