NAME : tsp_problem.471331.tour
COMMENT : Length = 471331
COMMENT : Found by LKH [Keld Helsgaun] Thu Apr  3 17:20:10 2025
TYPE : TOUR
DIMENSION : 122
TOUR_SECTION
1
47
79
26
57
92
53
108
5
19
20
69
29
7
31
3
77
43
59
71
101
66
48
14
41
30
107
73
67
39
61
34
103
37
121
90
24
120
95
44
87
111
4
22
94
76
9
27
74
113
18
6
35
38
88
64
105
10
33
28
82
23
49
58
70
99
100
51
21
56
46
78
32
55
25
62
16
12
15
52
63
86
112
91
50
119
11
2
13
45
84
54
96
17
40
116
89
106
81
118
42
60
110
114
93
98
122
102
115
8
75
72
109
104
117
80
83
85
36
97
65
68
-1
EOF
