NAME : tsp_problem.409575.tour
COMMENT : Length = 409575
COMMENT : Found by LKH [Keld Helsgaun] Thu Apr  3 17:20:00 2025
TYPE : TOUR
DIMENSION : 110
TOUR_SECTION
1
12
45
16
37
109
27
23
36
103
62
108
14
42
29
33
6
104
79
86
82
64
34
18
7
105
13
56
51
93
87
102
85
91
47
25
72
44
80
81
75
39
88
41
69
21
76
49
59
84
35
73
5
98
55
46
57
70
48
9
60
4
22
89
50
10
90
54
3
106
99
53
30
100
11
63
40
24
77
58
52
66
17
92
61
95
96
2
65
101
78
15
110
43
19
83
32
94
26
74
28
31
107
71
8
97
20
68
38
67
-1
EOF
