NAME : tsp_problem.513443.tour
COMMENT : Length = 513443
COMMENT : Found by LKH [Keld Helsgaun] Sat Mar 29 16:38:47 2025
TYPE : TOUR
DIMENSION : 140
TOUR_SECTION
1
28
87
5
97
63
73
74
128
126
93
61
83
17
40
24
52
22
62
118
33
80
38
26
47
104
39
119
82
36
44
53
37
135
89
41
20
59
78
69
109
120
67
131
7
30
72
110
95
85
100
12
127
107
6
23
57
56
90
32
121
122
64
105
125
138
50
68
14
19
25
13
101
92
54
88
2
81
4
106
65
116
114
112
60
42
130
43
76
51
16
9
91
137
8
96
46
94
84
77
71
133
140
115
99
21
132
98
55
15
31
35
124
10
111
113
86
58
34
45
70
29
48
103
136
11
27
139
123
108
75
79
18
134
66
102
3
129
117
49
-1
EOF
