NAME : tsp_problem.483156.tour
COMMENT : Length = 483156
COMMENT : Found by LKH [Keld Helsgaun] Thu Apr  3 17:20:08 2025
TYPE : TOUR
DIMENSION : 148
TOUR_SECTION
1
96
128
139
88
9
40
112
30
19
116
42
8
133
28
101
56
127
69
41
83
122
134
5
136
11
66
37
137
115
123
35
70
132
12
79
63
76
89
95
82
34
110
48
36
142
33
45
91
105
58
124
15
52
26
135
24
54
111
140
64
92
60
78
50
145
22
74
73
84
68
106
100
49
65
4
67
138
99
109
27
20
44
7
114
97
85
51
59
43
104
141
98
81
120
29
17
129
121
130
86
117
103
32
126
46
77
107
39
108
146
93
102
94
2
80
23
57
71
6
13
10
143
72
125
61
18
148
62
31
55
16
47
113
144
87
119
25
38
14
90
3
118
53
21
75
147
131
-1
EOF
