NAME : tsp_problem.451869.tour
COMMENT : Length = 451869
COMMENT : Found by LKH [Keld Helsgaun] Thu Apr  3 17:20:09 2025
TYPE : TOUR
DIMENSION : 132
TOUR_SECTION
1
31
54
125
49
21
19
61
46
123
102
117
130
36
119
85
58
44
50
12
16
38
24
37
88
106
114
14
113
4
15
55
30
97
33
129
68
94
45
27
95
11
108
9
26
70
28
67
79
83
109
48
126
2
80
78
22
112
72
101
29
77
63
73
111
89
75
107
5
8
86
10
3
56
47
118
64
23
91
93
60
41
81
51
42
34
17
39
20
98
103
90
131
127
92
13
57
100
132
110
52
87
62
76
18
104
115
40
116
66
69
82
105
25
43
120
35
128
65
122
59
32
84
74
99
7
121
124
6
96
53
71
-1
EOF
