NAME : tsp_problem.425361.tour
COMMENT : Length = 425361
COMMENT : Found by LKH [Keld Helsgaun] Fri Mar 28 17:49:20 2025
TYPE : TOUR
DIMENSION : 122
TOUR_SECTION
1
26
122
95
2
20
69
99
98
8
65
64
11
45
92
47
6
56
109
117
61
4
39
66
80
13
28
42
5
70
113
18
107
119
88
73
62
30
54
15
111
36
21
76
79
114
87
12
48
40
101
116
31
37
35
22
23
43
51
112
77
34
68
100
58
94
10
74
104
63
3
93
108
110
96
67
90
32
115
103
14
60
71
19
82
86
44
59
33
50
16
75
7
85
53
24
25
9
120
84
102
41
83
81
49
72
17
89
57
46
78
97
121
55
106
105
118
38
29
27
91
52
-1
EOF
