NAME : tsp_problem.480847.tour
COMMENT : Length = 480847
COMMENT : Found by LKH [Keld Helsgaun] Thu Apr  3 17:20:11 2025
TYPE : TOUR
DIMENSION : 142
TOUR_SECTION
1
26
91
54
114
140
75
47
122
137
88
135
35
16
7
61
40
55
117
72
85
125
12
107
21
115
74
136
10
126
127
60
51
49
62
50
99
34
86
20
29
39
139
65
81
89
120
27
110
14
76
79
22
111
77
84
45
4
119
132
87
18
69
41
93
67
32
48
11
138
83
23
113
128
13
92
142
25
6
90
17
33
19
141
96
121
42
109
124
105
36
38
123
100
94
101
53
97
56
116
9
80
95
2
112
15
66
58
108
103
59
134
118
98
30
5
68
63
31
73
102
104
106
8
130
37
64
82
129
78
44
24
46
57
70
131
71
3
52
43
28
133
-1
EOF
