NAME : tsp_problem.501437.tour
COMMENT : Length = 501437
COMMENT : Found by LKH [Keld Helsgaun] Sun Mar 30 20:00:42 2025
TYPE : TOUR
DIMENSION : 130
TOUR_SECTION
1
38
3
100
86
19
6
69
46
30
76
36
37
14
40
42
124
70
129
116
18
98
97
113
117
110
20
121
111
43
45
107
119
78
49
126
94
84
115
77
53
12
54
112
87
91
10
61
24
90
59
65
23
88
50
58
108
63
72
96
127
80
89
16
8
13
118
81
55
5
32
123
82
125
11
39
41
75
95
85
120
31
130
47
17
52
26
15
73
128
51
29
99
33
104
62
109
66
48
79
4
92
101
83
56
122
64
105
44
103
60
21
68
57
71
93
2
114
9
102
25
34
35
74
22
28
106
27
7
67
-1
EOF
