NAME : tsp_problem.443006.tour
COMMENT : Length = 443006
COMMENT : Found by LKH [Keld Helsgaun] Sat Mar 29 16:39:04 2025
TYPE : TOUR
DIMENSION : 128
TOUR_SECTION
1
102
21
68
96
128
89
78
15
35
69
37
74
67
63
6
91
79
112
47
95
119
113
115
110
31
23
55
39
125
24
33
32
88
117
81
26
16
85
3
12
41
100
30
90
83
7
76
60
97
111
56
59
17
19
38
124
8
9
82
22
77
28
87
44
106
64
101
75
11
27
62
53
34
43
73
57
5
72
25
49
116
103
46
121
104
18
65
45
42
51
70
13
54
94
107
84
127
108
36
99
71
122
48
109
61
20
118
52
29
92
50
105
98
93
126
10
58
114
66
2
120
4
14
86
40
80
123
-1
EOF
