NAME : tsp_problem.448190.tour
COMMENT : Length = 448190
COMMENT : Found by LKH [Keld Helsgaun] Sat Mar 29 16:39:56 2025
TYPE : TOUR
DIMENSION : 138
TOUR_SECTION
1
6
135
113
63
117
82
2
118
81
49
5
17
14
64
115
108
9
41
16
90
87
112
106
54
129
74
93
59
58
22
53
131
134
50
33
23
79
121
4
10
26
109
97
68
86
39
21
20
18
95
51
56
119
37
75
101
40
66
34
116
138
102
60
84
103
78
127
69
61
55
31
43
46
35
132
52
133
36
71
13
76
96
107
38
7
120
105
73
92
72
136
110
83
28
19
48
24
65
111
114
100
94
89
91
128
126
42
57
77
137
12
11
104
80
88
70
124
47
45
130
32
99
123
27
85
44
125
29
67
30
122
3
15
62
98
8
25
-1
EOF
