NAME : tsp_problem.425923.tour
COMMENT : Length = 425923
COMMENT : Found by LKH [Keld Helsgaun] Sun Mar 30 20:00:47 2025
TYPE : TOUR
DIMENSION : 114
TOUR_SECTION
1
47
65
104
112
30
109
88
63
2
75
27
59
7
22
80
42
103
74
83
108
90
50
96
10
5
93
21
23
11
79
113
24
91
48
17
26
72
28
106
6
76
20
101
89
67
107
4
31
77
37
95
97
110
29
9
54
44
13
78
52
62
70
34
81
58
38
12
32
16
92
49
82
111
85
86
19
84
102
87
15
18
100
43
3
61
114
46
68
36
25
60
39
40
98
64
94
45
41
57
71
33
51
73
14
56
105
8
55
35
53
69
66
99
-1
EOF
