NAME : tsp_problem.474403.tour
COMMENT : Length = 474403
COMMENT : Found by LKH [Keld Helsgaun] Fri Mar 28 17:49:14 2025
TYPE : TOUR
DIMENSION : 122
TOUR_SECTION
1
31
91
96
53
74
80
5
107
69
63
9
25
117
65
33
110
62
85
48
60
21
97
79
104
98
86
28
77
4
103
7
59
22
14
55
30
51
56
115
113
89
73
43
16
116
35
20
109
18
99
82
50
88
114
112
52
38
41
17
83
36
8
12
13
100
76
46
94
93
44
108
84
40
78
54
87
6
118
90
95
102
3
111
24
122
67
15
11
70
119
29
120
27
105
72
68
101
106
66
34
26
37
10
2
61
39
121
45
57
71
58
42
92
64
81
32
19
23
49
75
47
-1
EOF
