NAME : tsp_problem.478474.tour
COMMENT : Length = 478474
COMMENT : Found by LKH [Keld Helsgaun] Sat Mar 29 16:38:47 2025
TYPE : TOUR
DIMENSION : 142
TOUR_SECTION
1
70
109
75
142
111
9
18
32
118
45
100
104
102
67
49
113
10
138
33
63
37
61
30
42
43
53
122
119
58
15
60
110
86
28
21
17
128
105
116
87
34
56
4
112
36
92
133
123
85
54
96
24
35
69
65
103
139
12
5
44
50
46
107
66
19
68
93
40
89
95
39
76
71
120
78
99
125
62
127
47
90
114
124
7
126
134
27
41
81
131
48
98
77
14
108
82
141
80
8
52
106
51
64
26
79
117
57
55
94
84
38
59
140
20
97
72
136
129
121
88
16
13
73
132
29
31
135
137
25
91
2
22
11
3
130
6
23
101
83
115
74
-1
EOF
