NAME : tsp_problem.485165.tour
COMMENT : Length = 485165
COMMENT : Found by LKH [Keld Helsgaun] Fri Mar 28 17:49:25 2025
TYPE : TOUR
DIMENSION : 138
TOUR_SECTION
1
2
73
120
103
8
75
23
92
12
19
46
7
132
126
20
26
123
6
21
82
28
114
104
14
101
55
90
63
58
79
86
107
110
4
138
121
59
136
22
127
44
133
13
64
125
115
98
129
51
116
135
71
96
17
124
67
65
69
42
60
45
112
34
102
68
74
100
97
66
25
35
43
99
9
134
70
10
118
85
80
36
31
72
95
15
131
84
109
53
47
52
56
57
54
89
11
117
27
94
77
39
106
40
16
5
30
83
76
50
113
33
78
87
29
37
119
38
61
24
108
48
49
137
91
130
128
62
32
105
122
81
88
18
3
111
93
41
-1
EOF
